001.txt,Difficult,1,0,0.0,0.0,0
001.txt,Difficult,2,0,0.0,0.0,0
001.txt,Difficult,3,0,0.0,0.0,0
002.txt,Difficult,1,1,4.666666666666667,0.5185185185185185,5.4
002.txt,Difficult,2,8,4.666666666666667,0.5185185185185185,5.4
002.txt,Difficult,3,1,4.666666666666667,0.5185185185185185,5.4
003.txt,Difficult,1,1,4.604938271604938,0.5116598079561042,5.04054054054054
003.txt,Difficult,2,7,4.604938271604938,0.5116598079561042,5.04054054054054
003.txt,Difficult,3,1,4.604938271604938,0.5116598079561042,5.04054054054054
004.txt,Difficult,1,0,0.0,0.0,0
004.txt,Difficult,2,0,0.0,0.0,0
004.txt,Difficult,3,0,0.0,0.0,0
005.txt,Difficult,1,0,0.0,0.0,0
005.txt,Difficult,2,0,0.0,0.0,0
005.txt,Difficult,3,0,0.0,0.0,0
006.txt,Difficult,1,0,0.0,0.0,0
006.txt,Difficult,2,0,0.0,0.0,0
006.txt,Difficult,3,0,0.0,0.0,0
007.txt,Difficult,1,0,0.0,0.0,0
007.txt,Difficult,2,0,0.0,0.0,0
007.txt,Difficult,3,0,0.0,0.0,0
008.txt,Difficult,1,0,0.0,0.0,0
008.txt,Difficult,2,0,0.0,0.0,0
008.txt,Difficult,3,0,0.0,0.0,0
009.txt,Difficult,1,0,0.0,0.0,0
009.txt,Difficult,2,0,0.0,0.0,0
009.txt,Difficult,3,0,0.0,0.0,0
010.txt,Difficult,1,1,6.135802469135802,0.6817558299039781,5.584269662921348
010.txt,Difficult,2,17,6.135802469135802,0.6817558299039781,5.584269662921348
010.txt,Difficult,3,0,6.135802469135802,0.6817558299039781,5.584269662921348
011.txt,Difficult,1,2,5.802469135802469,0.644718792866941,5.595238095238095
011.txt,Difficult,2,10,5.802469135802469,0.644718792866941,5.595238095238095
011.txt,Difficult,3,0,5.802469135802469,0.644718792866941,5.595238095238095
012.txt,Difficult,1,0,0.0,0.0,0
012.txt,Difficult,2,0,0.0,0.0,0
012.txt,Difficult,3,0,0.0,0.0,0
013.txt,Difficult,1,0,0.0,0.0,0
013.txt,Difficult,2,0,0.0,0.0,0
013.txt,Difficult,3,0,0.0,0.0,0
014.txt,Difficult,1,0,0.0,0.0,0
014.txt,Difficult,2,0,0.0,0.0,0
014.txt,Difficult,3,0,0.0,0.0,0
015.txt,Difficult,1,0,0.0,0.0,0
015.txt,Difficult,2,0,0.0,0.0,0
015.txt,Difficult,3,0,0.0,0.0,0
016.txt,Difficult,1,0,0.0,0.0,0
016.txt,Difficult,2,0,0.0,0.0,0
016.txt,Difficult,3,0,0.0,0.0,0
017.txt,Difficult,1,0,0.0,0.0,0
017.txt,Difficult,2,0,0.0,0.0,0
017.txt,Difficult,3,0,0.0,0.0,0
018.txt,Difficult,1,0,0.0,0.0,0
018.txt,Difficult,2,0,0.0,0.0,0
018.txt,Difficult,3,0,0.0,0.0,0
019.txt,Difficult,1,0,0.0,0.0,0
019.txt,Difficult,2,0,0.0,0.0,0
019.txt,Difficult,3,0,0.0,0.0,0
020.txt,Difficult,1,1,2.8395061728395063,0.31550068587105623,4.6938775510204085
020.txt,Difficult,2,3,2.8395061728395063,0.31550068587105623,4.6938775510204085
020.txt,Difficult,3,0,2.8395061728395063,0.31550068587105623,4.6938775510204085
021.txt,Difficult,1,0,3.185185185185185,0.35390946502057613,4.526315789473684
021.txt,Difficult,2,0,3.185185185185185,0.35390946502057613,4.526315789473684
021.txt,Difficult,3,1,3.185185185185185,0.35390946502057613,4.526315789473684
022.txt,Difficult,1,0,4.08641975308642,0.4540466392318244,5.171875
022.txt,Difficult,2,9,4.08641975308642,0.4540466392318244,5.171875
022.txt,Difficult,3,0,4.08641975308642,0.4540466392318244,5.171875
023.txt,Difficult,1,2,7.012345679012346,0.7791495198902606,5.855670103092783
023.txt,Difficult,2,1,7.012345679012346,0.7791495198902606,5.855670103092783
023.txt,Difficult,3,1,7.012345679012346,0.7791495198902606,5.855670103092783
024.txt,Difficult,1,0,0.0,0.0,0
024.txt,Difficult,2,0,0.0,0.0,0
024.txt,Difficult,3,0,0.0,0.0,0
025.txt,Difficult,1,0,0.0,0.0,0
025.txt,Difficult,2,0,0.0,0.0,0
025.txt,Difficult,3,0,0.0,0.0,0
026.txt,Difficult,1,0,0.0,0.0,0
026.txt,Difficult,2,0,0.0,0.0,0
026.txt,Difficult,3,0,0.0,0.0,0
027.txt,Difficult,1,0,0.0,0.0,0
027.txt,Difficult,2,0,0.0,0.0,0
027.txt,Difficult,3,0,0.0,0.0,0
028.txt,Difficult,1,0,0.0,0.0,0
028.txt,Difficult,2,0,0.0,0.0,0
028.txt,Difficult,3,0,0.0,0.0,0
029.txt,Difficult,1,0,0.0,0.0,0
029.txt,Difficult,2,0,0.0,0.0,0
029.txt,Difficult,3,0,0.0,0.0,0
030.txt,Difficult,1,0,0.0,0.0,0
030.txt,Difficult,2,0,0.0,0.0,0
030.txt,Difficult,3,0,0.0,0.0,0
031.txt,Difficult,1,0,0.0,0.0,0
031.txt,Difficult,2,0,0.0,0.0,0
031.txt,Difficult,3,0,0.0,0.0,0
032.txt,Difficult,1,0,0.0,0.0,0
032.txt,Difficult,2,0,0.0,0.0,0
032.txt,Difficult,3,0,0.0,0.0,0
033.txt,Difficult,1,0,0.0,0.0,0
033.txt,Difficult,2,0,0.0,0.0,0
033.txt,Difficult,3,0,0.0,0.0,0
034.txt,Difficult,1,0,0.0,0.0,0
034.txt,Difficult,2,0,0.0,0.0,0
034.txt,Difficult,3,0,0.0,0.0,0
035.txt,Difficult,1,0,0.0,0.0,0
035.txt,Difficult,2,0,0.0,0.0,0
035.txt,Difficult,3,0,0.0,0.0,0
036.txt,Difficult,1,0,0.0,0.0,0
036.txt,Difficult,2,0,0.0,0.0,0
036.txt,Difficult,3,0,0.0,0.0,0
037.txt,Difficult,1,0,0.0,0.0,0
037.txt,Difficult,2,0,0.0,0.0,0
037.txt,Difficult,3,0,0.0,0.0,0
038.txt,Difficult,1,0,0.0,0.0,0
038.txt,Difficult,2,0,0.0,0.0,0
038.txt,Difficult,3,0,0.0,0.0,0
039.txt,Difficult,1,0,0.0,0.0,0
039.txt,Difficult,2,0,0.0,0.0,0
039.txt,Difficult,3,0,0.0,0.0,0
040.txt,Difficult,1,0,0.0,0.0,0
040.txt,Difficult,2,0,0.0,0.0,0
040.txt,Difficult,3,0,0.0,0.0,0
041.txt,Difficult,1,0,0.0,0.0,0
041.txt,Difficult,2,0,0.0,0.0,0
041.txt,Difficult,3,0,0.0,0.0,0
042.txt,Difficult,1,0,0.0,0.0,0
042.txt,Difficult,2,0,0.0,0.0,0
042.txt,Difficult,3,0,0.0,0.0,0
043.txt,Difficult,1,0,0.0,0.0,0
043.txt,Difficult,2,0,0.0,0.0,0
043.txt,Difficult,3,0,0.0,0.0,0
044.txt,Difficult,1,0,0.0,0.0,0
044.txt,Difficult,2,0,0.0,0.0,0
044.txt,Difficult,3,0,0.0,0.0,0
045.txt,Difficult,1,0,0.0,0.0,0
045.txt,Difficult,2,0,0.0,0.0,0
045.txt,Difficult,3,0,0.0,0.0,0
046.txt,Difficult,1,0,0.0,0.0,0
046.txt,Difficult,2,0,0.0,0.0,0
046.txt,Difficult,3,0,0.0,0.0,0
047.txt,Difficult,1,0,0.0,0.0,0
047.txt,Difficult,2,0,0.0,0.0,0
047.txt,Difficult,3,0,0.0,0.0,0
048.txt,Difficult,1,0,0.0,0.0,0
048.txt,Difficult,2,0,0.0,0.0,0
048.txt,Difficult,3,0,0.0,0.0,0
049.txt,Difficult,1,0,0.0,0.0,0
049.txt,Difficult,2,0,0.0,0.0,0
049.txt,Difficult,3,0,0.0,0.0,0
050.txt,Difficult,1,4,9.45679012345679,1.0507544581618655,6.079365079365079
050.txt,Difficult,2,20,9.45679012345679,1.0507544581618655,6.079365079365079
050.txt,Difficult,3,1,9.45679012345679,1.0507544581618655,6.079365079365079
051.txt,Difficult,1,0,0.0,0.0,0
051.txt,Difficult,2,0,0.0,0.0,0
051.txt,Difficult,3,0,0.0,0.0,0
052.txt,Difficult,1,0,0.0,0.0,0
052.txt,Difficult,2,0,0.0,0.0,0
052.txt,Difficult,3,0,0.0,0.0,0
053.txt,Difficult,1,0,0.0,0.0,0
053.txt,Difficult,2,0,0.0,0.0,0
053.txt,Difficult,3,0,0.0,0.0,0
054.txt,Difficult,1,0,0.0,0.0,0
054.txt,Difficult,2,0,0.0,0.0,0
054.txt,Difficult,3,0,0.0,0.0,0
055.txt,Difficult,1,0,0.0,0.0,0
055.txt,Difficult,2,0,0.0,0.0,0
055.txt,Difficult,3,0,0.0,0.0,0
056.txt,Difficult,1,8,8.938271604938272,0.9931412894375857,6.135593220338983
056.txt,Difficult,2,14,8.938271604938272,0.9931412894375857,6.135593220338983
056.txt,Difficult,3,3,8.938271604938272,0.9931412894375857,6.135593220338983
057.txt,Difficult,1,0,0.0,0.0,0
057.txt,Difficult,2,0,0.0,0.0,0
057.txt,Difficult,3,0,0.0,0.0,0
058.txt,Difficult,1,0,0.0,0.0,0
058.txt,Difficult,2,0,0.0,0.0,0
058.txt,Difficult,3,0,0.0,0.0,0
059.txt,Difficult,1,1,5.2592592592592595,0.5843621399176955,5.195121951219512
059.txt,Difficult,2,9,5.2592592592592595,0.5843621399176955,5.195121951219512
059.txt,Difficult,3,1,5.2592592592592595,0.5843621399176955,5.195121951219512
060.txt,Difficult,1,0,0.0,0.0,0
060.txt,Difficult,2,0,0.0,0.0,0
060.txt,Difficult,3,0,0.0,0.0,0
061.txt,Difficult,1,0,0.0,0.0,0
061.txt,Difficult,2,0,0.0,0.0,0
061.txt,Difficult,3,0,0.0,0.0,0
062.txt,Difficult,1,0,0.0,0.0,0
062.txt,Difficult,2,0,0.0,0.0,0
062.txt,Difficult,3,0,0.0,0.0,0
063.txt,Difficult,1,0,0.0,0.0,0
063.txt,Difficult,2,0,0.0,0.0,0
063.txt,Difficult,3,0,0.0,0.0,0
064.txt,Difficult,1,0,0.0,0.0,0
064.txt,Difficult,2,0,0.0,0.0,0
064.txt,Difficult,3,0,0.0,0.0,0
065.txt,Difficult,1,1,5.222222222222222,0.5802469135802469,5.2875
065.txt,Difficult,2,13,5.222222222222222,0.5802469135802469,5.2875
065.txt,Difficult,3,2,5.222222222222222,0.5802469135802469,5.2875
066.txt,Difficult,1,0,0.0,0.0,0
066.txt,Difficult,2,0,0.0,0.0,0
066.txt,Difficult,3,0,0.0,0.0,0
067.txt,Difficult,1,0,0.0,0.0,0
067.txt,Difficult,2,0,0.0,0.0,0
067.txt,Difficult,3,0,0.0,0.0,0
068.txt,Difficult,1,2,5.506172839506172,0.6117969821673526,5.506172839506172
068.txt,Difficult,2,14,5.506172839506172,0.6117969821673526,5.506172839506172
068.txt,Difficult,3,2,5.506172839506172,0.6117969821673526,5.506172839506172
069.txt,Difficult,1,0,0.0,0.0,0
069.txt,Difficult,2,0,0.0,0.0,0
069.txt,Difficult,3,0,0.0,0.0,0
070.txt,Difficult,1,0,0.0,0.0,0
070.txt,Difficult,2,0,0.0,0.0,0
070.txt,Difficult,3,0,0.0,0.0,0
071.txt,Difficult,1,0,0.0,0.0,0
071.txt,Difficult,2,0,0.0,0.0,0
071.txt,Difficult,3,0,0.0,0.0,0
072.txt,Difficult,1,0,0.0,0.0,0
072.txt,Difficult,2,0,0.0,0.0,0
072.txt,Difficult,3,0,0.0,0.0,0
073.txt,Difficult,1,0,4.160493827160494,0.46227709190672156,4.746478873239437
073.txt,Difficult,2,0,4.160493827160494,0.46227709190672156,4.746478873239437
073.txt,Difficult,3,1,4.160493827160494,0.46227709190672156,4.746478873239437
074.txt,Difficult,1,0,6.518518518518518,0.7242798353909465,5.443298969072165
074.txt,Difficult,2,0,6.518518518518518,0.7242798353909465,5.443298969072165
074.txt,Difficult,3,1,6.518518518518518,0.7242798353909465,5.443298969072165
075.txt,Difficult,1,1,6.0246913580246915,0.6694101508916324,5.304347826086956
075.txt,Difficult,2,18,6.0246913580246915,0.6694101508916324,5.304347826086956
075.txt,Difficult,3,0,6.0246913580246915,0.6694101508916324,5.304347826086956
076.txt,Difficult,1,0,0.0,0.0,0
076.txt,Difficult,2,0,0.0,0.0,0
076.txt,Difficult,3,0,0.0,0.0,0
077.txt,Difficult,1,0,0.0,0.0,0
077.txt,Difficult,2,0,0.0,0.0,0
077.txt,Difficult,3,0,0.0,0.0,0
078.txt,Difficult,1,0,0.0,0.0,0
078.txt,Difficult,2,0,0.0,0.0,0
078.txt,Difficult,3,0,0.0,0.0,0
079.txt,Difficult,1,0,0.0,0.0,0
079.txt,Difficult,2,0,0.0,0.0,0
079.txt,Difficult,3,0,0.0,0.0,0
080.txt,Difficult,1,0,0.0,0.0,0
080.txt,Difficult,2,0,0.0,0.0,0
080.txt,Difficult,3,0,0.0,0.0,0
081.txt,Difficult,1,0,0.0,0.0,0
081.txt,Difficult,2,0,0.0,0.0,0
081.txt,Difficult,3,0,0.0,0.0,0
082.txt,Difficult,1,0,0.0,0.0,0
082.txt,Difficult,2,0,0.0,0.0,0
082.txt,Difficult,3,0,0.0,0.0,0
083.txt,Difficult,1,0,0.0,0.0,0
083.txt,Difficult,2,0,0.0,0.0,0
083.txt,Difficult,3,0,0.0,0.0,0
084.txt,Difficult,1,0,0.0,0.0,0
084.txt,Difficult,2,0,0.0,0.0,0
084.txt,Difficult,3,0,0.0,0.0,0
085.txt,Difficult,1,1,5.802469135802469,0.644718792866941,5.595238095238095
085.txt,Difficult,2,7,5.802469135802469,0.644718792866941,5.595238095238095
085.txt,Difficult,3,0,5.802469135802469,0.644718792866941,5.595238095238095
086.txt,Difficult,1,0,0.0,0.0,0
086.txt,Difficult,2,0,0.0,0.0,0
086.txt,Difficult,3,0,0.0,0.0,0
087.txt,Difficult,1,0,0.0,0.0,0
087.txt,Difficult,2,0,0.0,0.0,0
087.txt,Difficult,3,0,0.0,0.0,0
088.txt,Difficult,1,0,0.0,0.0,0
088.txt,Difficult,2,0,0.0,0.0,0
088.txt,Difficult,3,0,0.0,0.0,0
089.txt,Difficult,1,0,0.0,0.0,0
089.txt,Difficult,2,0,0.0,0.0,0
089.txt,Difficult,3,0,0.0,0.0,0
090.txt,Difficult,1,2,5.0,0.5555555555555556,5.0625
090.txt,Difficult,2,5,5.0,0.5555555555555556,5.0625
090.txt,Difficult,3,3,5.0,0.5555555555555556,5.0625
091.txt,Difficult,1,0,0.0,0.0,0
091.txt,Difficult,2,0,0.0,0.0,0
091.txt,Difficult,3,0,0.0,0.0,0
092.txt,Difficult,1,0,0.0,0.0,0
092.txt,Difficult,2,0,0.0,0.0,0
092.txt,Difficult,3,0,0.0,0.0,0
093.txt,Difficult,1,1,4.790123456790123,0.532235939643347,5.173333333333333
093.txt,Difficult,2,0,4.790123456790123,0.532235939643347,5.173333333333333
093.txt,Difficult,3,1,4.790123456790123,0.532235939643347,5.173333333333333
094.txt,Difficult,1,2,5.506172839506172,0.6117969821673526,5.506172839506172
094.txt,Difficult,2,13,5.506172839506172,0.6117969821673526,5.506172839506172
094.txt,Difficult,3,0,5.506172839506172,0.6117969821673526,5.506172839506172
095.txt,Difficult,1,0,0.0,0.0,0
095.txt,Difficult,2,0,0.0,0.0,0
095.txt,Difficult,3,0,0.0,0.0,0
096.txt,Difficult,1,0,0.0,0.0,0
096.txt,Difficult,2,0,0.0,0.0,0
096.txt,Difficult,3,0,0.0,0.0,0
097.txt,Difficult,1,2,9.839506172839506,1.093278463648834,6.376
097.txt,Difficult,2,25,9.839506172839506,1.093278463648834,6.376
097.txt,Difficult,3,0,9.839506172839506,1.093278463648834,6.376
098.txt,Difficult,1,0,0.0,0.0,0
098.txt,Difficult,2,0,0.0,0.0,0
098.txt,Difficult,3,0,0.0,0.0,0
099.txt,Difficult,1,1,3.7037037037037037,0.411522633744856,5.0
099.txt,Difficult,2,3,3.7037037037037037,0.411522633744856,5.0
099.txt,Difficult,3,1,3.7037037037037037,0.411522633744856,5.0
100.txt,Difficult,1,0,0.0,0.0,0
100.txt,Difficult,2,0,0.0,0.0,0
100.txt,Difficult,3,0,0.0,0.0,0
101.txt,Difficult,1,0,0.0,0.0,0
101.txt,Difficult,2,0,0.0,0.0,0
101.txt,Difficult,3,0,0.0,0.0,0
102.txt,Difficult,1,0,4.666666666666667,0.5185185185185185,5.4
102.txt,Difficult,2,6,4.666666666666667,0.5185185185185185,5.4
102.txt,Difficult,3,0,4.666666666666667,0.5185185185185185,5.4
103.txt,Difficult,1,0,5.0,0.5555555555555556,5.0625
103.txt,Difficult,2,10,5.0,0.5555555555555556,5.0625
103.txt,Difficult,3,1,5.0,0.5555555555555556,5.0625
104.txt,Difficult,1,2,6.283950617283951,0.6982167352537723,5.473118279569892
104.txt,Difficult,2,20,6.283950617283951,0.6982167352537723,5.473118279569892
104.txt,Difficult,3,1,6.283950617283951,0.6982167352537723,5.473118279569892
105.txt,Difficult,1,0,0.0,0.0,0
105.txt,Difficult,2,0,0.0,0.0,0
105.txt,Difficult,3,0,0.0,0.0,0
106.txt,Difficult,1,2,5.703703703703703,0.6337448559670782,5.566265060240964
106.txt,Difficult,2,15,5.703703703703703,0.6337448559670782,5.566265060240964
106.txt,Difficult,3,0,5.703703703703703,0.6337448559670782,5.566265060240964
107.txt,Difficult,1,0,0.0,0.0,0
107.txt,Difficult,2,0,0.0,0.0,0
107.txt,Difficult,3,0,0.0,0.0,0
108.txt,Difficult,1,0,0.0,0.0,0
108.txt,Difficult,2,0,0.0,0.0,0
108.txt,Difficult,3,0,0.0,0.0,0
109.txt,Difficult,1,0,7.864197530864198,0.8737997256515775,6.009433962264151
109.txt,Difficult,2,3,7.864197530864198,0.8737997256515775,6.009433962264151
109.txt,Difficult,3,1,7.864197530864198,0.8737997256515775,6.009433962264151
110.txt,Difficult,1,1,4.172839506172839,0.46364883401920437,5.2
110.txt,Difficult,2,0,4.172839506172839,0.46364883401920437,5.2
110.txt,Difficult,3,0,4.172839506172839,0.46364883401920437,5.2
111.txt,Difficult,1,0,0.0,0.0,0
111.txt,Difficult,2,0,0.0,0.0,0
111.txt,Difficult,3,0,0.0,0.0,0
112.txt,Difficult,1,0,0.0,0.0,0
112.txt,Difficult,2,0,0.0,0.0,0
112.txt,Difficult,3,0,0.0,0.0,0
113.txt,Difficult,1,0,0.0,0.0,0
113.txt,Difficult,2,0,0.0,0.0,0
113.txt,Difficult,3,0,0.0,0.0,0
114.txt,Difficult,1,1,5.222222222222222,0.5802469135802469,5.3544303797468356
114.txt,Difficult,2,5,5.222222222222222,0.5802469135802469,5.3544303797468356
114.txt,Difficult,3,1,5.222222222222222,0.5802469135802469,5.3544303797468356
115.txt,Difficult,1,0,0.0,0.0,0
115.txt,Difficult,2,0,0.0,0.0,0
115.txt,Difficult,3,0,0.0,0.0,0
116.txt,Difficult,1,0,5.222222222222222,0.5802469135802469,5.2875
116.txt,Difficult,2,7,5.222222222222222,0.5802469135802469,5.2875
116.txt,Difficult,3,1,5.222222222222222,0.5802469135802469,5.2875
117.txt,Difficult,1,0,0.0,0.0,0
117.txt,Difficult,2,0,0.0,0.0,0
117.txt,Difficult,3,0,0.0,0.0,0
118.txt,Difficult,1,0,0.0,0.0,0
118.txt,Difficult,2,0,0.0,0.0,0
118.txt,Difficult,3,0,0.0,0.0,0
119.txt,Difficult,1,1,6.666666666666667,0.7407407407407407,5.684210526315789
119.txt,Difficult,2,10,6.666666666666667,0.7407407407407407,5.684210526315789
119.txt,Difficult,3,0,6.666666666666667,0.7407407407407407,5.684210526315789
120.txt,Difficult,1,0,0.0,0.0,0
120.txt,Difficult,2,0,0.0,0.0,0
120.txt,Difficult,3,0,0.0,0.0,0
121.txt,Difficult,1,0,0.0,0.0,0
121.txt,Difficult,2,0,0.0,0.0,0
121.txt,Difficult,3,0,0.0,0.0,0
122.txt,Difficult,1,0,0.0,0.0,0
122.txt,Difficult,2,0,0.0,0.0,0
122.txt,Difficult,3,0,0.0,0.0,0
123.txt,Difficult,1,0,0.0,0.0,0
123.txt,Difficult,2,0,0.0,0.0,0
123.txt,Difficult,3,0,0.0,0.0,0
124.txt,Difficult,1,0,0.0,0.0,0
124.txt,Difficult,2,0,0.0,0.0,0
124.txt,Difficult,3,0,0.0,0.0,0
125.txt,Difficult,1,0,5.148148148148148,0.5720164609053497,5.2784810126582276
125.txt,Difficult,2,4,5.148148148148148,0.5720164609053497,5.2784810126582276
125.txt,Difficult,3,0,5.148148148148148,0.5720164609053497,5.2784810126582276
126.txt,Difficult,1,3,6.666666666666667,0.7407407407407407,5.684210526315789
126.txt,Difficult,2,1,6.666666666666667,0.7407407407407407,5.684210526315789
126.txt,Difficult,3,0,6.666666666666667,0.7407407407407407,5.684210526315789
127.txt,Difficult,1,0,0.0,0.0,0
127.txt,Difficult,2,0,0.0,0.0,0
127.txt,Difficult,3,0,0.0,0.0,0
128.txt,Difficult,1,0,0.0,0.0,0
128.txt,Difficult,2,0,0.0,0.0,0
128.txt,Difficult,3,0,0.0,0.0,0
129.txt,Difficult,1,0,0.0,0.0,0
129.txt,Difficult,2,0,0.0,0.0,0
129.txt,Difficult,3,0,0.0,0.0,0
130.txt,Difficult,1,0,0.0,0.0,0
130.txt,Difficult,2,0,0.0,0.0,0
130.txt,Difficult,3,0,0.0,0.0,0
131.txt,Difficult,1,0,0.0,0.0,0
131.txt,Difficult,2,0,0.0,0.0,0
131.txt,Difficult,3,0,0.0,0.0,0
132.txt,Difficult,1,0,0.0,0.0,0
132.txt,Difficult,2,0,0.0,0.0,0
132.txt,Difficult,3,0,0.0,0.0,0
133.txt,Difficult,1,0,0.0,0.0,0
133.txt,Difficult,2,0,0.0,0.0,0
133.txt,Difficult,3,0,0.0,0.0,0
134.txt,Difficult,1,0,0.0,0.0,0
134.txt,Difficult,2,0,0.0,0.0,0
134.txt,Difficult,3,0,0.0,0.0,0
135.txt,Difficult,1,0,0.0,0.0,0
135.txt,Difficult,2,0,0.0,0.0,0
135.txt,Difficult,3,0,0.0,0.0,0
136.txt,Difficult,1,0,0.0,0.0,0
136.txt,Difficult,2,0,0.0,0.0,0
136.txt,Difficult,3,0,0.0,0.0,0
137.txt,Difficult,1,0,0.0,0.0,0
137.txt,Difficult,2,0,0.0,0.0,0
137.txt,Difficult,3,0,0.0,0.0,0
138.txt,Difficult,1,0,6.0246913580246915,0.6694101508916324,5.304347826086956
138.txt,Difficult,2,16,6.0246913580246915,0.6694101508916324,5.304347826086956
138.txt,Difficult,3,1,6.0246913580246915,0.6694101508916324,5.304347826086956
139.txt,Difficult,1,0,0.0,0.0,0
139.txt,Difficult,2,0,0.0,0.0,0
139.txt,Difficult,3,0,0.0,0.0,0
140.txt,Difficult,1,0,0.0,0.0,0
140.txt,Difficult,2,0,0.0,0.0,0
140.txt,Difficult,3,0,0.0,0.0,0
141.txt,Difficult,1,0,3.814814814814815,0.42386831275720166,4.681818181818182
141.txt,Difficult,2,4,3.814814814814815,0.42386831275720166,4.681818181818182
141.txt,Difficult,3,1,3.814814814814815,0.42386831275720166,4.681818181818182
142.txt,Difficult,1,1,4.0246913580246915,0.44718792866941015,4.9393939393939394
142.txt,Difficult,2,1,4.0246913580246915,0.44718792866941015,4.9393939393939394
142.txt,Difficult,3,0,4.0246913580246915,0.44718792866941015,4.9393939393939394
143.txt,Difficult,1,0,0.0,0.0,0
143.txt,Difficult,2,0,0.0,0.0,0
143.txt,Difficult,3,0,0.0,0.0,0
144.txt,Difficult,1,3,6.901234567901234,0.766803840877915,5.762886597938144
144.txt,Difficult,2,24,6.901234567901234,0.766803840877915,5.762886597938144
144.txt,Difficult,3,1,6.901234567901234,0.766803840877915,5.762886597938144
145.txt,Difficult,1,0,0.0,0.0,0
145.txt,Difficult,2,0,0.0,0.0,0
145.txt,Difficult,3,0,0.0,0.0,0
146.txt,Difficult,1,0,0.0,0.0,0
146.txt,Difficult,2,0,0.0,0.0,0
146.txt,Difficult,3,0,0.0,0.0,0
147.txt,Difficult,1,0,0.0,0.0,0
147.txt,Difficult,2,0,0.0,0.0,0
147.txt,Difficult,3,0,0.0,0.0,0
148.txt,Difficult,1,0,0.0,0.0,0
148.txt,Difficult,2,0,0.0,0.0,0
148.txt,Difficult,3,0,0.0,0.0,0
149.txt,Difficult,1,1,5.222222222222222,0.5802469135802469,5.2875
149.txt,Difficult,2,12,5.222222222222222,0.5802469135802469,5.2875
149.txt,Difficult,3,0,5.222222222222222,0.5802469135802469,5.2875
150.txt,Difficult,1,0,0.0,0.0,0
150.txt,Difficult,2,0,0.0,0.0,0
150.txt,Difficult,3,0,0.0,0.0,0
151.txt,Difficult,1,0,0.0,0.0,0
151.txt,Difficult,2,0,0.0,0.0,0
151.txt,Difficult,3,0,0.0,0.0,0
152.txt,Difficult,1,1,4.938271604938271,0.5486968449931413,5.333333333333333
152.txt,Difficult,2,3,4.938271604938271,0.5486968449931413,5.333333333333333
152.txt,Difficult,3,0,4.938271604938271,0.5486968449931413,5.333333333333333
153.txt,Difficult,1,0,0.0,0.0,0
153.txt,Difficult,2,0,0.0,0.0,0
153.txt,Difficult,3,0,0.0,0.0,0
154.txt,Difficult,1,0,0.0,0.0,0
154.txt,Difficult,2,0,0.0,0.0,0
154.txt,Difficult,3,0,0.0,0.0,0
155.txt,Difficult,1,0,0.0,0.0,0
155.txt,Difficult,2,0,0.0,0.0,0
155.txt,Difficult,3,0,0.0,0.0,0
156.txt,Difficult,1,0,0.0,0.0,0
156.txt,Difficult,2,0,0.0,0.0,0
156.txt,Difficult,3,0,0.0,0.0,0
157.txt,Difficult,1,0,0.0,0.0,0
157.txt,Difficult,2,0,0.0,0.0,0
157.txt,Difficult,3,0,0.0,0.0,0
158.txt,Difficult,1,0,0.0,0.0,0
158.txt,Difficult,2,0,0.0,0.0,0
158.txt,Difficult,3,0,0.0,0.0,0
159.txt,Difficult,1,3,5.222222222222222,0.5802469135802469,5.2875
159.txt,Difficult,2,11,5.222222222222222,0.5802469135802469,5.2875
159.txt,Difficult,3,1,5.222222222222222,0.5802469135802469,5.2875
160.txt,Difficult,1,0,0.0,0.0,0
160.txt,Difficult,2,0,0.0,0.0,0
160.txt,Difficult,3,0,0.0,0.0,0
161.txt,Difficult,1,0,0.0,0.0,0
161.txt,Difficult,2,0,0.0,0.0,0
161.txt,Difficult,3,0,0.0,0.0,0
162.txt,Difficult,1,0,0.0,0.0,0
162.txt,Difficult,2,0,0.0,0.0,0
162.txt,Difficult,3,0,0.0,0.0,0
163.txt,Difficult,1,0,0.0,0.0,0
163.txt,Difficult,2,0,0.0,0.0,0
163.txt,Difficult,3,0,0.0,0.0,0
164.txt,Difficult,1,1,6.518518518518518,0.7242798353909465,5.443298969072165
164.txt,Difficult,2,13,6.518518518518518,0.7242798353909465,5.443298969072165
164.txt,Difficult,3,1,6.518518518518518,0.7242798353909465,5.443298969072165
165.txt,Difficult,1,0,0.0,0.0,0
165.txt,Difficult,2,0,0.0,0.0,0
165.txt,Difficult,3,0,0.0,0.0,0
166.txt,Difficult,1,0,0.0,0.0,0
166.txt,Difficult,2,0,0.0,0.0,0
166.txt,Difficult,3,0,0.0,0.0,0
167.txt,Difficult,1,0,0.0,0.0,0
167.txt,Difficult,2,0,0.0,0.0,0
167.txt,Difficult,3,0,0.0,0.0,0
168.txt,Difficult,1,0,0.0,0.0,0
168.txt,Difficult,2,0,0.0,0.0,0
168.txt,Difficult,3,0,0.0,0.0,0
169.txt,Difficult,1,0,5.222222222222222,0.5802469135802469,5.2875
169.txt,Difficult,2,9,5.222222222222222,0.5802469135802469,5.2875
169.txt,Difficult,3,2,5.222222222222222,0.5802469135802469,5.2875
170.txt,Difficult,1,0,0.0,0.0,0
170.txt,Difficult,2,0,0.0,0.0,0
170.txt,Difficult,3,0,0.0,0.0,0
171.txt,Difficult,1,0,0.0,0.0,0
171.txt,Difficult,2,0,0.0,0.0,0
171.txt,Difficult,3,0,0.0,0.0,0
172.txt,Difficult,1,0,4.172839506172839,0.46364883401920437,5.2
172.txt,Difficult,2,0,4.172839506172839,0.46364883401920437,5.2
172.txt,Difficult,3,1,4.172839506172839,0.46364883401920437,5.2
173.txt,Difficult,1,1,3.814814814814815,0.42386831275720166,4.681818181818182
173.txt,Difficult,2,2,3.814814814814815,0.42386831275720166,4.681818181818182
173.txt,Difficult,3,0,3.814814814814815,0.42386831275720166,4.681818181818182
174.txt,Difficult,1,0,0.0,0.0,0
174.txt,Difficult,2,0,0.0,0.0,0
174.txt,Difficult,3,0,0.0,0.0,0
175.txt,Difficult,1,0,0.0,0.0,0
175.txt,Difficult,2,0,0.0,0.0,0
175.txt,Difficult,3,0,0.0,0.0,0
176.txt,Difficult,1,1,3.4074074074074074,0.3786008230452675,4.842105263157895
176.txt,Difficult,2,3,3.4074074074074074,0.3786008230452675,4.842105263157895
176.txt,Difficult,3,0,3.4074074074074074,0.3786008230452675,4.842105263157895
177.txt,Difficult,1,0,0.0,0.0,0
177.txt,Difficult,2,0,0.0,0.0,0
177.txt,Difficult,3,0,0.0,0.0,0
178.txt,Difficult,1,0,0.0,0.0,0
178.txt,Difficult,2,0,0.0,0.0,0
178.txt,Difficult,3,0,0.0,0.0,0
179.txt,Difficult,1,0,0.0,0.0,0
179.txt,Difficult,2,0,0.0,0.0,0
179.txt,Difficult,3,0,0.0,0.0,0
180.txt,Difficult,1,0,0.0,0.0,0
180.txt,Difficult,2,0,0.0,0.0,0
180.txt,Difficult,3,0,0.0,0.0,0
181.txt,Difficult,1,0,0.0,0.0,0
181.txt,Difficult,2,0,0.0,0.0,0
181.txt,Difficult,3,0,0.0,0.0,0
182.txt,Difficult,1,0,0.0,0.0,0
182.txt,Difficult,2,0,0.0,0.0,0
182.txt,Difficult,3,0,0.0,0.0,0
183.txt,Difficult,1,0,0.0,0.0,0
183.txt,Difficult,2,0,0.0,0.0,0
183.txt,Difficult,3,0,0.0,0.0,0
184.txt,Difficult,1,0,0.0,0.0,0
184.txt,Difficult,2,0,0.0,0.0,0
184.txt,Difficult,3,0,0.0,0.0,0
185.txt,Difficult,1,0,0.0,0.0,0
185.txt,Difficult,2,0,0.0,0.0,0
185.txt,Difficult,3,0,0.0,0.0,0
186.txt,Difficult,1,0,0.0,0.0,0
186.txt,Difficult,2,0,0.0,0.0,0
186.txt,Difficult,3,0,0.0,0.0,0
187.txt,Difficult,1,0,6.444444444444445,0.7160493827160493,5.673913043478261
187.txt,Difficult,2,14,6.444444444444445,0.7160493827160493,5.673913043478261
187.txt,Difficult,3,2,6.444444444444445,0.7160493827160493,5.673913043478261
188.txt,Difficult,1,0,0.0,0.0,0
188.txt,Difficult,2,0,0.0,0.0,0
188.txt,Difficult,3,0,0.0,0.0,0
189.txt,Difficult,1,0,0.0,0.0,0
189.txt,Difficult,2,0,0.0,0.0,0
189.txt,Difficult,3,0,0.0,0.0,0
190.txt,Difficult,1,1,3.0123456790123457,0.3347050754458162,4.784313725490196
190.txt,Difficult,2,3,3.0123456790123457,0.3347050754458162,4.784313725490196
190.txt,Difficult,3,1,3.0123456790123457,0.3347050754458162,4.784313725490196
191.txt,Difficult,1,0,0.0,0.0,0
191.txt,Difficult,2,0,0.0,0.0,0
191.txt,Difficult,3,0,0.0,0.0,0
192.txt,Difficult,1,0,0.0,0.0,0
192.txt,Difficult,2,0,0.0,0.0,0
192.txt,Difficult,3,0,0.0,0.0,0
193.txt,Difficult,1,1,9.45679012345679,1.0507544581618655,6.079365079365079
193.txt,Difficult,2,41,9.45679012345679,1.0507544581618655,6.079365079365079
193.txt,Difficult,3,2,9.45679012345679,1.0507544581618655,6.079365079365079
194.txt,Difficult,1,0,0.0,0.0,0
194.txt,Difficult,2,0,0.0,0.0,0
194.txt,Difficult,3,0,0.0,0.0,0
195.txt,Difficult,1,4,6.135802469135802,0.6817558299039781,5.584269662921348
195.txt,Difficult,2,0,6.135802469135802,0.6817558299039781,5.584269662921348
195.txt,Difficult,3,1,6.135802469135802,0.6817558299039781,5.584269662921348
196.txt,Difficult,1,0,0.0,0.0,0
196.txt,Difficult,2,0,0.0,0.0,0
196.txt,Difficult,3,0,0.0,0.0,0
197.txt,Difficult,1,5,6.135802469135802,0.6817558299039781,5.584269662921348
197.txt,Difficult,2,15,6.135802469135802,0.6817558299039781,5.584269662921348
197.txt,Difficult,3,1,6.135802469135802,0.6817558299039781,5.584269662921348
198.txt,Difficult,1,1,7.938271604938271,0.8820301783264746,5.845454545454546
198.txt,Difficult,2,28,7.938271604938271,0.8820301783264746,5.845454545454546
198.txt,Difficult,3,0,7.938271604938271,0.8820301783264746,5.845454545454546
199.txt,Difficult,1,0,0.0,0.0,0
199.txt,Difficult,2,0,0.0,0.0,0
199.txt,Difficult,3,0,0.0,0.0,0
200.txt,Difficult,1,0,0.0,0.0,0
200.txt,Difficult,2,0,0.0,0.0,0
200.txt,Difficult,3,0,0.0,0.0,0
