0001.txt,Easy,1,0,0.0,0.0,0
0001.txt,Easy,2,0,0.0,0.0,0
0001.txt,Easy,3,0,0.0,0.0,0
0002.txt,Easy,1,0,0.0,0.0,0
0002.txt,Easy,2,0,0.0,0.0,0
0002.txt,Easy,3,0,0.0,0.0,0
0003.txt,Easy,1,0,0.0,0.0,0
0003.txt,Easy,2,0,0.0,0.0,0
0003.txt,Easy,3,0,0.0,0.0,0
0004.txt,Easy,1,0,0.0,0.0,0
0004.txt,Easy,2,0,0.0,0.0,0
0004.txt,Easy,3,0,0.0,0.0,0
0005.txt,Easy,1,0,0.0,0.0,0
0005.txt,Easy,2,0,0.0,0.0,0
0005.txt,Easy,3,0,0.0,0.0,0
0006.txt,Easy,1,0,0.0,0.0,0
0006.txt,Easy,2,0,0.0,0.0,0
0006.txt,Easy,3,0,0.0,0.0,0
0007.txt,Easy,1,0,0.0,0.0,0
0007.txt,Easy,2,0,0.0,0.0,0
0007.txt,Easy,3,0,0.0,0.0,0
0008.txt,Easy,1,0,0.0,0.0,0
0008.txt,Easy,2,0,0.0,0.0,0
0008.txt,Easy,3,0,0.0,0.0,0
0009.txt,Easy,1,0,0.0,0.0,0
0009.txt,Easy,2,0,0.0,0.0,0
0009.txt,Easy,3,0,0.0,0.0,0
001.txt,Easy,1,0,0.0,0.0,0
001.txt,Easy,2,0,0.0,0.0,0
001.txt,Easy,3,0,0.0,0.0,0
0010.txt,Easy,1,0,0.0,0.0,0
0010.txt,Easy,2,0,0.0,0.0,0
0010.txt,Easy,3,0,0.0,0.0,0
0011.txt,Easy,1,0,0.0,0.0,0
0011.txt,Easy,2,0,0.0,0.0,0
0011.txt,Easy,3,0,0.0,0.0,0
0012.txt,Easy,1,0,0.0,0.0,0
0012.txt,Easy,2,0,0.0,0.0,0
0012.txt,Easy,3,0,0.0,0.0,0
0013.txt,Easy,1,0,0.0,0.0,0
0013.txt,Easy,2,0,0.0,0.0,0
0013.txt,Easy,3,0,0.0,0.0,0
0014.txt,Easy,1,0,0.0,0.0,0
0014.txt,Easy,2,0,0.0,0.0,0
0014.txt,Easy,3,0,0.0,0.0,0
0015.txt,Easy,1,0,0.0,0.0,0
0015.txt,Easy,2,0,0.0,0.0,0
0015.txt,Easy,3,0,0.0,0.0,0
0016.txt,Easy,1,0,0.0,0.0,0
0016.txt,Easy,2,0,0.0,0.0,0
0016.txt,Easy,3,0,0.0,0.0,0
0017.txt,Easy,1,0,0.0,0.0,0
0017.txt,Easy,2,0,0.0,0.0,0
0017.txt,Easy,3,0,0.0,0.0,0
0018.txt,Easy,1,0,0.0,0.0,0
0018.txt,Easy,2,0,0.0,0.0,0
0018.txt,Easy,3,0,0.0,0.0,0
0019.txt,Easy,1,0,0.0,0.0,0
0019.txt,Easy,2,0,0.0,0.0,0
0019.txt,Easy,3,0,0.0,0.0,0
002.txt,Easy,1,0,0.0,0.0,0
002.txt,Easy,2,0,0.0,0.0,0
002.txt,Easy,3,0,0.0,0.0,0
0020.txt,Easy,1,0,0.0,0.0,0
0020.txt,Easy,2,0,0.0,0.0,0
0020.txt,Easy,3,0,0.0,0.0,0
0021.txt,Easy,1,0,0.0,0.0,0
0021.txt,Easy,2,0,0.0,0.0,0
0021.txt,Easy,3,0,0.0,0.0,0
0022.txt,Easy,1,0,0.0,0.0,0
0022.txt,Easy,2,0,0.0,0.0,0
0022.txt,Easy,3,0,0.0,0.0,0
0023.txt,Easy,1,0,0.0,0.0,0
0023.txt,Easy,2,0,0.0,0.0,0
0023.txt,Easy,3,0,0.0,0.0,0
0024.txt,Easy,1,0,0.0,0.0,0
0024.txt,Easy,2,0,0.0,0.0,0
0024.txt,Easy,3,0,0.0,0.0,0
0025.txt,Easy,1,0,0.0,0.0,0
0025.txt,Easy,2,0,0.0,0.0,0
0025.txt,Easy,3,0,0.0,0.0,0
0026.txt,Easy,1,0,0.0,0.0,0
0026.txt,Easy,2,0,0.0,0.0,0
0026.txt,Easy,3,0,0.0,0.0,0
0027.txt,Easy,1,0,0.0,0.0,0
0027.txt,Easy,2,0,0.0,0.0,0
0027.txt,Easy,3,0,0.0,0.0,0
0028.txt,Easy,1,0,0.0,0.0,0
0028.txt,Easy,2,0,0.0,0.0,0
0028.txt,Easy,3,0,0.0,0.0,0
0029.txt,Easy,1,0,0.0,0.0,0
0029.txt,Easy,2,0,0.0,0.0,0
0029.txt,Easy,3,0,0.0,0.0,0
003.txt,Easy,1,0,0.0,0.0,0
003.txt,Easy,2,0,0.0,0.0,0
003.txt,Easy,3,0,0.0,0.0,0
0030.txt,Easy,1,0,0.0,0.0,0
0030.txt,Easy,2,0,0.0,0.0,0
0030.txt,Easy,3,0,0.0,0.0,0
0031.txt,Easy,1,0,0.0,0.0,0
0031.txt,Easy,2,0,0.0,0.0,0
0031.txt,Easy,3,0,0.0,0.0,0
0032.txt,Easy,1,0,0.0,0.0,0
0032.txt,Easy,2,0,0.0,0.0,0
0032.txt,Easy,3,0,0.0,0.0,0
0033.txt,Easy,1,0,0.0,0.0,0
0033.txt,Easy,2,0,0.0,0.0,0
0033.txt,Easy,3,0,0.0,0.0,0
0034.txt,Easy,1,0,0.0,0.0,0
0034.txt,Easy,2,0,0.0,0.0,0
0034.txt,Easy,3,0,0.0,0.0,0
0035.txt,Easy,1,0,0.0,0.0,0
0035.txt,Easy,2,0,0.0,0.0,0
0035.txt,Easy,3,0,0.0,0.0,0
0036.txt,Easy,1,0,0.0,0.0,0
0036.txt,Easy,2,0,0.0,0.0,0
0036.txt,Easy,3,0,0.0,0.0,0
0037.txt,Easy,1,0,0.0,0.0,0
0037.txt,Easy,2,0,0.0,0.0,0
0037.txt,Easy,3,0,0.0,0.0,0
0038.txt,Easy,1,0,0.0,0.0,0
0038.txt,Easy,2,0,0.0,0.0,0
0038.txt,Easy,3,0,0.0,0.0,0
0039.txt,Easy,1,0,0.0,0.0,0
0039.txt,Easy,2,0,0.0,0.0,0
0039.txt,Easy,3,0,0.0,0.0,0
004.txt,Easy,1,0,0.0,0.0,0
004.txt,Easy,2,0,0.0,0.0,0
004.txt,Easy,3,0,0.0,0.0,0
0040.txt,Easy,1,0,0.0,0.0,0
0040.txt,Easy,2,0,0.0,0.0,0
0040.txt,Easy,3,0,0.0,0.0,0
0041.txt,Easy,1,0,0.0,0.0,0
0041.txt,Easy,2,0,0.0,0.0,0
0041.txt,Easy,3,0,0.0,0.0,0
0042.txt,Easy,1,0,0.0,0.0,0
0042.txt,Easy,2,0,0.0,0.0,0
0042.txt,Easy,3,0,0.0,0.0,0
0043.txt,Easy,1,0,0.0,0.0,0
0043.txt,Easy,2,0,0.0,0.0,0
0043.txt,Easy,3,0,0.0,0.0,0
0044.txt,Easy,1,0,0.0,0.0,0
0044.txt,Easy,2,0,0.0,0.0,0
0044.txt,Easy,3,0,0.0,0.0,0
0045.txt,Easy,1,0,0.0,0.0,0
0045.txt,Easy,2,0,0.0,0.0,0
0045.txt,Easy,3,0,0.0,0.0,0
0046.txt,Easy,1,0,0.0,0.0,0
0046.txt,Easy,2,0,0.0,0.0,0
0046.txt,Easy,3,0,0.0,0.0,0
0047.txt,Easy,1,0,0.0,0.0,0
0047.txt,Easy,2,0,0.0,0.0,0
0047.txt,Easy,3,0,0.0,0.0,0
0048.txt,Easy,1,0,0.0,0.0,0
0048.txt,Easy,2,0,0.0,0.0,0
0048.txt,Easy,3,0,0.0,0.0,0
0049.txt,Easy,1,0,0.0,0.0,0
0049.txt,Easy,2,0,0.0,0.0,0
0049.txt,Easy,3,0,0.0,0.0,0
005.txt,Easy,1,0,0.0,0.0,0
005.txt,Easy,2,0,0.0,0.0,0
005.txt,Easy,3,0,0.0,0.0,0
0050.txt,Easy,1,0,0.0,0.0,0
0050.txt,Easy,2,0,0.0,0.0,0
0050.txt,Easy,3,0,0.0,0.0,0
0051.txt,Easy,1,0,0.0,0.0,0
0051.txt,Easy,2,0,0.0,0.0,0
0051.txt,Easy,3,0,0.0,0.0,0
0052.txt,Easy,1,0,0.0,0.0,0
0052.txt,Easy,2,0,0.0,0.0,0
0052.txt,Easy,3,0,0.0,0.0,0
0053.txt,Easy,1,0,0.0,0.0,0
0053.txt,Easy,2,0,0.0,0.0,0
0053.txt,Easy,3,0,0.0,0.0,0
0054.txt,Easy,1,0,0.0,0.0,0
0054.txt,Easy,2,0,0.0,0.0,0
0054.txt,Easy,3,0,0.0,0.0,0
0055.txt,Easy,1,0,0.0,0.0,0
0055.txt,Easy,2,0,0.0,0.0,0
0055.txt,Easy,3,0,0.0,0.0,0
0056.txt,Easy,1,0,0.0,0.0,0
0056.txt,Easy,2,0,0.0,0.0,0
0056.txt,Easy,3,0,0.0,0.0,0
0057.txt,Easy,1,0,0.0,0.0,0
0057.txt,Easy,2,0,0.0,0.0,0
0057.txt,Easy,3,0,0.0,0.0,0
0058.txt,Easy,1,0,0.0,0.0,0
0058.txt,Easy,2,0,0.0,0.0,0
0058.txt,Easy,3,0,0.0,0.0,0
0059.txt,Easy,1,0,0.0,0.0,0
0059.txt,Easy,2,0,0.0,0.0,0
0059.txt,Easy,3,0,0.0,0.0,0
006.txt,Easy,1,0,0.0,0.0,0
006.txt,Easy,2,0,0.0,0.0,0
006.txt,Easy,3,0,0.0,0.0,0
0060.txt,Easy,1,0,0.0,0.0,0
0060.txt,Easy,2,0,0.0,0.0,0
0060.txt,Easy,3,0,0.0,0.0,0
0061.txt,Easy,1,0,0.0,0.0,0
0061.txt,Easy,2,0,0.0,0.0,0
0061.txt,Easy,3,0,0.0,0.0,0
0062.txt,Easy,1,0,0.0,0.0,0
0062.txt,Easy,2,0,0.0,0.0,0
0062.txt,Easy,3,0,0.0,0.0,0
0063.txt,Easy,1,0,0.0,0.0,0
0063.txt,Easy,2,0,0.0,0.0,0
0063.txt,Easy,3,0,0.0,0.0,0
0064.txt,Easy,1,0,0.0,0.0,0
0064.txt,Easy,2,0,0.0,0.0,0
0064.txt,Easy,3,0,0.0,0.0,0
0065.txt,Easy,1,0,0.0,0.0,0
0065.txt,Easy,2,0,0.0,0.0,0
0065.txt,Easy,3,0,0.0,0.0,0
0066.txt,Easy,1,0,0.0,0.0,0
0066.txt,Easy,2,0,0.0,0.0,0
0066.txt,Easy,3,0,0.0,0.0,0
0067.txt,Easy,1,0,0.0,0.0,0
0067.txt,Easy,2,0,0.0,0.0,0
0067.txt,Easy,3,0,0.0,0.0,0
0068.txt,Easy,1,0,0.0,0.0,0
0068.txt,Easy,2,0,0.0,0.0,0
0068.txt,Easy,3,0,0.0,0.0,0
0069.txt,Easy,1,0,0.0,0.0,0
0069.txt,Easy,2,0,0.0,0.0,0
0069.txt,Easy,3,0,0.0,0.0,0
007.txt,Easy,1,0,0.0,0.0,0
007.txt,Easy,2,0,0.0,0.0,0
007.txt,Easy,3,0,0.0,0.0,0
0070.txt,Easy,1,0,0.0,0.0,0
0070.txt,Easy,2,0,0.0,0.0,0
0070.txt,Easy,3,0,0.0,0.0,0
0071.txt,Easy,1,0,0.0,0.0,0
0071.txt,Easy,2,0,0.0,0.0,0
0071.txt,Easy,3,0,0.0,0.0,0
0072.txt,Easy,1,0,0.0,0.0,0
0072.txt,Easy,2,0,0.0,0.0,0
0072.txt,Easy,3,0,0.0,0.0,0
0073.txt,Easy,1,0,0.0,0.0,0
0073.txt,Easy,2,0,0.0,0.0,0
0073.txt,Easy,3,0,0.0,0.0,0
0074.txt,Easy,1,0,0.0,0.0,0
0074.txt,Easy,2,0,0.0,0.0,0
0074.txt,Easy,3,0,0.0,0.0,0
0075.txt,Easy,1,0,0.0,0.0,0
0075.txt,Easy,2,0,0.0,0.0,0
0075.txt,Easy,3,0,0.0,0.0,0
0076.txt,Easy,1,0,0.0,0.0,0
0076.txt,Easy,2,0,0.0,0.0,0
0076.txt,Easy,3,0,0.0,0.0,0
0077.txt,Easy,1,0,0.0,0.0,0
0077.txt,Easy,2,0,0.0,0.0,0
0077.txt,Easy,3,0,0.0,0.0,0
0078.txt,Easy,1,0,0.0,0.0,0
0078.txt,Easy,2,0,0.0,0.0,0
0078.txt,Easy,3,0,0.0,0.0,0
0079.txt,Easy,1,0,0.0,0.0,0
0079.txt,Easy,2,0,0.0,0.0,0
0079.txt,Easy,3,0,0.0,0.0,0
008.txt,Easy,1,0,0.0,0.0,0
008.txt,Easy,2,0,0.0,0.0,0
008.txt,Easy,3,0,0.0,0.0,0
0080.txt,Easy,1,0,0.0,0.0,0
0080.txt,Easy,2,0,0.0,0.0,0
0080.txt,Easy,3,0,0.0,0.0,0
0081.txt,Easy,1,0,0.0,0.0,0
0081.txt,Easy,2,0,0.0,0.0,0
0081.txt,Easy,3,0,0.0,0.0,0
0082.txt,Easy,1,0,0.0,0.0,0
0082.txt,Easy,2,0,0.0,0.0,0
0082.txt,Easy,3,0,0.0,0.0,0
0083.txt,Easy,1,0,0.0,0.0,0
0083.txt,Easy,2,0,0.0,0.0,0
0083.txt,Easy,3,0,0.0,0.0,0
0084.txt,Easy,1,0,0.0,0.0,0
0084.txt,Easy,2,0,0.0,0.0,0
0084.txt,Easy,3,0,0.0,0.0,0
0085.txt,Easy,1,0,0.0,0.0,0
0085.txt,Easy,2,0,0.0,0.0,0
0085.txt,Easy,3,0,0.0,0.0,0
0086.txt,Easy,1,0,0.0,0.0,0
0086.txt,Easy,2,0,0.0,0.0,0
0086.txt,Easy,3,0,0.0,0.0,0
0087.txt,Easy,1,0,0.0,0.0,0
0087.txt,Easy,2,0,0.0,0.0,0
0087.txt,Easy,3,0,0.0,0.0,0
0088.txt,Easy,1,0,0.0,0.0,0
0088.txt,Easy,2,0,0.0,0.0,0
0088.txt,Easy,3,0,0.0,0.0,0
0089.txt,Easy,1,0,0.0,0.0,0
0089.txt,Easy,2,0,0.0,0.0,0
0089.txt,Easy,3,0,0.0,0.0,0
009.txt,Easy,1,0,0.0,0.0,0
009.txt,Easy,2,0,0.0,0.0,0
009.txt,Easy,3,0,0.0,0.0,0
0090.txt,Easy,1,0,0.0,0.0,0
0090.txt,Easy,2,0,0.0,0.0,0
0090.txt,Easy,3,0,0.0,0.0,0
0091.txt,Easy,1,0,0.0,0.0,0
0091.txt,Easy,2,0,0.0,0.0,0
0091.txt,Easy,3,0,0.0,0.0,0
0092.txt,Easy,1,0,0.0,0.0,0
0092.txt,Easy,2,0,0.0,0.0,0
0092.txt,Easy,3,0,0.0,0.0,0
0093.txt,Easy,1,0,0.0,0.0,0
0093.txt,Easy,2,0,0.0,0.0,0
0093.txt,Easy,3,0,0.0,0.0,0
0094.txt,Easy,1,0,0.0,0.0,0
0094.txt,Easy,2,0,0.0,0.0,0
0094.txt,Easy,3,0,0.0,0.0,0
0095.txt,Easy,1,0,0.0,0.0,0
0095.txt,Easy,2,0,0.0,0.0,0
0095.txt,Easy,3,0,0.0,0.0,0
0096.txt,Easy,1,0,0.0,0.0,0
0096.txt,Easy,2,0,0.0,0.0,0
0096.txt,Easy,3,0,0.0,0.0,0
0097.txt,Easy,1,0,0.0,0.0,0
0097.txt,Easy,2,0,0.0,0.0,0
0097.txt,Easy,3,0,0.0,0.0,0
0098.txt,Easy,1,0,0.0,0.0,0
0098.txt,Easy,2,0,0.0,0.0,0
0098.txt,Easy,3,0,0.0,0.0,0
0099.txt,Easy,1,0,0.0,0.0,0
0099.txt,Easy,2,0,0.0,0.0,0
0099.txt,Easy,3,0,0.0,0.0,0
010.txt,Easy,1,0,0.0,0.0,0
010.txt,Easy,2,0,0.0,0.0,0
010.txt,Easy,3,0,0.0,0.0,0
0100.txt,Easy,1,0,0.0,0.0,0
0100.txt,Easy,2,0,0.0,0.0,0
0100.txt,Easy,3,0,0.0,0.0,0
0101.txt,Easy,1,0,0.0,0.0,0
0101.txt,Easy,2,0,0.0,0.0,0
0101.txt,Easy,3,0,0.0,0.0,0
0102.txt,Easy,1,0,0.0,0.0,0
0102.txt,Easy,2,0,0.0,0.0,0
0102.txt,Easy,3,0,0.0,0.0,0
0103.txt,Easy,1,0,0.0,0.0,0
0103.txt,Easy,2,0,0.0,0.0,0
0103.txt,Easy,3,0,0.0,0.0,0
0104.txt,Easy,1,0,0.0,0.0,0
0104.txt,Easy,2,0,0.0,0.0,0
0104.txt,Easy,3,0,0.0,0.0,0
0105.txt,Easy,1,0,0.0,0.0,0
0105.txt,Easy,2,0,0.0,0.0,0
0105.txt,Easy,3,0,0.0,0.0,0
0106.txt,Easy,1,0,0.0,0.0,0
0106.txt,Easy,2,0,0.0,0.0,0
0106.txt,Easy,3,0,0.0,0.0,0
0107.txt,Easy,1,0,0.0,0.0,0
0107.txt,Easy,2,0,0.0,0.0,0
0107.txt,Easy,3,0,0.0,0.0,0
0108.txt,Easy,1,0,0.0,0.0,0
0108.txt,Easy,2,0,0.0,0.0,0
0108.txt,Easy,3,0,0.0,0.0,0
011.txt,Easy,1,0,0.0,0.0,0
011.txt,Easy,2,0,0.0,0.0,0
011.txt,Easy,3,0,0.0,0.0,0
012.txt,Easy,1,0,0.0,0.0,0
012.txt,Easy,2,0,0.0,0.0,0
012.txt,Easy,3,0,0.0,0.0,0
013.txt,Easy,1,0,0.0,0.0,0
013.txt,Easy,2,0,0.0,0.0,0
013.txt,Easy,3,0,0.0,0.0,0
014.txt,Easy,1,0,0.0,0.0,0
014.txt,Easy,2,0,0.0,0.0,0
014.txt,Easy,3,0,0.0,0.0,0
015.txt,Easy,1,0,0.0,0.0,0
015.txt,Easy,2,0,0.0,0.0,0
015.txt,Easy,3,0,0.0,0.0,0
016.txt,Easy,1,0,0.0,0.0,0
016.txt,Easy,2,0,0.0,0.0,0
016.txt,Easy,3,0,0.0,0.0,0
017.txt,Easy,1,0,0.0,0.0,0
017.txt,Easy,2,0,0.0,0.0,0
017.txt,Easy,3,0,0.0,0.0,0
018.txt,Easy,1,0,0.0,0.0,0
018.txt,Easy,2,0,0.0,0.0,0
018.txt,Easy,3,0,0.0,0.0,0
019.txt,Easy,1,0,0.0,0.0,0
019.txt,Easy,2,0,0.0,0.0,0
019.txt,Easy,3,0,0.0,0.0,0
020.txt,Easy,1,0,0.0,0.0,0
020.txt,Easy,2,0,0.0,0.0,0
020.txt,Easy,3,0,0.0,0.0,0
021.txt,Easy,1,0,0.0,0.0,0
021.txt,Easy,2,0,0.0,0.0,0
021.txt,Easy,3,0,0.0,0.0,0
022.txt,Easy,1,0,0.0,0.0,0
022.txt,Easy,2,0,0.0,0.0,0
022.txt,Easy,3,0,0.0,0.0,0
023.txt,Easy,1,0,0.0,0.0,0
023.txt,Easy,2,0,0.0,0.0,0
023.txt,Easy,3,0,0.0,0.0,0
024.txt,Easy,1,0,0.0,0.0,0
024.txt,Easy,2,0,0.0,0.0,0
024.txt,Easy,3,0,0.0,0.0,0
025.txt,Easy,1,0,0.0,0.0,0
025.txt,Easy,2,0,0.0,0.0,0
025.txt,Easy,3,0,0.0,0.0,0
026.txt,Easy,1,0,0.0,0.0,0
026.txt,Easy,2,0,0.0,0.0,0
026.txt,Easy,3,0,0.0,0.0,0
027.txt,Easy,1,0,0.0,0.0,0
027.txt,Easy,2,0,0.0,0.0,0
027.txt,Easy,3,0,0.0,0.0,0
028.txt,Easy,1,0,0.0,0.0,0
028.txt,Easy,2,0,0.0,0.0,0
028.txt,Easy,3,0,0.0,0.0,0
029.txt,Easy,1,0,0.0,0.0,0
029.txt,Easy,2,0,0.0,0.0,0
029.txt,Easy,3,0,0.0,0.0,0
030.txt,Easy,1,0,0.0,0.0,0
030.txt,Easy,2,0,0.0,0.0,0
030.txt,Easy,3,0,0.0,0.0,0
031.txt,Easy,1,0,0.0,0.0,0
031.txt,Easy,2,0,0.0,0.0,0
031.txt,Easy,3,0,0.0,0.0,0
032.txt,Easy,1,0,0.0,0.0,0
032.txt,Easy,2,0,0.0,0.0,0
032.txt,Easy,3,0,0.0,0.0,0
033.txt,Easy,1,0,0.0,0.0,0
033.txt,Easy,2,0,0.0,0.0,0
033.txt,Easy,3,0,0.0,0.0,0
034.txt,Easy,1,0,0.0,0.0,0
034.txt,Easy,2,0,0.0,0.0,0
034.txt,Easy,3,0,0.0,0.0,0
035.txt,Easy,1,0,0.0,0.0,0
035.txt,Easy,2,0,0.0,0.0,0
035.txt,Easy,3,0,0.0,0.0,0
036.txt,Easy,1,0,0.0,0.0,0
036.txt,Easy,2,0,0.0,0.0,0
036.txt,Easy,3,0,0.0,0.0,0
037.txt,Easy,1,0,0.0,0.0,0
037.txt,Easy,2,0,0.0,0.0,0
037.txt,Easy,3,0,0.0,0.0,0
038.txt,Easy,1,0,0.0,0.0,0
038.txt,Easy,2,0,0.0,0.0,0
038.txt,Easy,3,0,0.0,0.0,0
039.txt,Easy,1,0,0.0,0.0,0
039.txt,Easy,2,0,0.0,0.0,0
039.txt,Easy,3,0,0.0,0.0,0
040.txt,Easy,1,0,0.0,0.0,0
040.txt,Easy,2,0,0.0,0.0,0
040.txt,Easy,3,0,0.0,0.0,0
041.txt,Easy,1,0,0.0,0.0,0
041.txt,Easy,2,0,0.0,0.0,0
041.txt,Easy,3,0,0.0,0.0,0
042.txt,Easy,1,0,0.0,0.0,0
042.txt,Easy,2,0,0.0,0.0,0
042.txt,Easy,3,0,0.0,0.0,0
043.txt,Easy,1,0,0.0,0.0,0
043.txt,Easy,2,0,0.0,0.0,0
043.txt,Easy,3,0,0.0,0.0,0
044.txt,Easy,1,0,0.0,0.0,0
044.txt,Easy,2,0,0.0,0.0,0
044.txt,Easy,3,0,0.0,0.0,0
045.txt,Easy,1,0,0.0,0.0,0
045.txt,Easy,2,0,0.0,0.0,0
045.txt,Easy,3,0,0.0,0.0,0
046.txt,Easy,1,0,0.0,0.0,0
046.txt,Easy,2,0,0.0,0.0,0
046.txt,Easy,3,0,0.0,0.0,0
047.txt,Easy,1,0,0.0,0.0,0
047.txt,Easy,2,0,0.0,0.0,0
047.txt,Easy,3,0,0.0,0.0,0
048.txt,Easy,1,0,0.0,0.0,0
048.txt,Easy,2,0,0.0,0.0,0
048.txt,Easy,3,0,0.0,0.0,0
049.txt,Easy,1,0,0.0,0.0,0
049.txt,Easy,2,0,0.0,0.0,0
049.txt,Easy,3,0,0.0,0.0,0
050.txt,Easy,1,0,0.0,0.0,0
050.txt,Easy,2,0,0.0,0.0,0
050.txt,Easy,3,0,0.0,0.0,0
051.txt,Easy,1,0,0.0,0.0,0
051.txt,Easy,2,0,0.0,0.0,0
051.txt,Easy,3,0,0.0,0.0,0
052.txt,Easy,1,0,0.0,0.0,0
052.txt,Easy,2,0,0.0,0.0,0
052.txt,Easy,3,0,0.0,0.0,0
053.txt,Easy,1,0,0.0,0.0,0
053.txt,Easy,2,0,0.0,0.0,0
053.txt,Easy,3,0,0.0,0.0,0
054.txt,Easy,1,0,0.0,0.0,0
054.txt,Easy,2,0,0.0,0.0,0
054.txt,Easy,3,0,0.0,0.0,0
055.txt,Easy,1,0,0.0,0.0,0
055.txt,Easy,2,0,0.0,0.0,0
055.txt,Easy,3,0,0.0,0.0,0
056.txt,Easy,1,0,0.0,0.0,0
056.txt,Easy,2,0,0.0,0.0,0
056.txt,Easy,3,0,0.0,0.0,0
057.txt,Easy,1,0,0.0,0.0,0
057.txt,Easy,2,0,0.0,0.0,0
057.txt,Easy,3,0,0.0,0.0,0
058.txt,Easy,1,0,0.0,0.0,0
058.txt,Easy,2,0,0.0,0.0,0
058.txt,Easy,3,0,0.0,0.0,0
059.txt,Easy,1,0,0.0,0.0,0
059.txt,Easy,2,0,0.0,0.0,0
059.txt,Easy,3,0,0.0,0.0,0
060.txt,Easy,1,0,0.0,0.0,0
060.txt,Easy,2,0,0.0,0.0,0
060.txt,Easy,3,0,0.0,0.0,0
061.txt,Easy,1,0,0.0,0.0,0
061.txt,Easy,2,0,0.0,0.0,0
061.txt,Easy,3,0,0.0,0.0,0
062.txt,Easy,1,0,0.0,0.0,0
062.txt,Easy,2,0,0.0,0.0,0
062.txt,Easy,3,0,0.0,0.0,0
063.txt,Easy,1,0,0.0,0.0,0
063.txt,Easy,2,0,0.0,0.0,0
063.txt,Easy,3,0,0.0,0.0,0
064.txt,Easy,1,0,0.0,0.0,0
064.txt,Easy,2,0,0.0,0.0,0
064.txt,Easy,3,0,0.0,0.0,0
065.txt,Easy,1,0,0.0,0.0,0
065.txt,Easy,2,0,0.0,0.0,0
065.txt,Easy,3,0,0.0,0.0,0
066.txt,Easy,1,0,0.0,0.0,0
066.txt,Easy,2,0,0.0,0.0,0
066.txt,Easy,3,0,0.0,0.0,0
067.txt,Easy,1,0,0.0,0.0,0
067.txt,Easy,2,0,0.0,0.0,0
067.txt,Easy,3,0,0.0,0.0,0
068.txt,Easy,1,0,0.0,0.0,0
068.txt,Easy,2,0,0.0,0.0,0
068.txt,Easy,3,0,0.0,0.0,0
069.txt,Easy,1,0,0.0,0.0,0
069.txt,Easy,2,0,0.0,0.0,0
069.txt,Easy,3,0,0.0,0.0,0
070.txt,Easy,1,0,0.0,0.0,0
070.txt,Easy,2,0,0.0,0.0,0
070.txt,Easy,3,0,0.0,0.0,0
071.txt,Easy,1,0,0.0,0.0,0
071.txt,Easy,2,0,0.0,0.0,0
071.txt,Easy,3,0,0.0,0.0,0
072.txt,Easy,1,0,0.0,0.0,0
072.txt,Easy,2,0,0.0,0.0,0
072.txt,Easy,3,0,0.0,0.0,0
073.txt,Easy,1,0,0.0,0.0,0
073.txt,Easy,2,0,0.0,0.0,0
073.txt,Easy,3,0,0.0,0.0,0
074.txt,Easy,1,0,0.0,0.0,0
074.txt,Easy,2,0,0.0,0.0,0
074.txt,Easy,3,0,0.0,0.0,0
075.txt,Easy,1,0,0.0,0.0,0
075.txt,Easy,2,0,0.0,0.0,0
075.txt,Easy,3,0,0.0,0.0,0
076.txt,Easy,1,0,0.0,0.0,0
076.txt,Easy,2,0,0.0,0.0,0
076.txt,Easy,3,0,0.0,0.0,0
077.txt,Easy,1,0,0.0,0.0,0
077.txt,Easy,2,0,0.0,0.0,0
077.txt,Easy,3,0,0.0,0.0,0
078.txt,Easy,1,0,0.0,0.0,0
078.txt,Easy,2,0,0.0,0.0,0
078.txt,Easy,3,0,0.0,0.0,0
079.txt,Easy,1,0,0.0,0.0,0
079.txt,Easy,2,0,0.0,0.0,0
079.txt,Easy,3,0,0.0,0.0,0
080.txt,Easy,1,0,0.0,0.0,0
080.txt,Easy,2,0,0.0,0.0,0
080.txt,Easy,3,0,0.0,0.0,0
081.txt,Easy,1,0,0.0,0.0,0
081.txt,Easy,2,0,0.0,0.0,0
081.txt,Easy,3,0,0.0,0.0,0
082.txt,Easy,1,0,0.0,0.0,0
082.txt,Easy,2,0,0.0,0.0,0
082.txt,Easy,3,0,0.0,0.0,0
083.txt,Easy,1,0,0.0,0.0,0
083.txt,Easy,2,0,0.0,0.0,0
083.txt,Easy,3,0,0.0,0.0,0
084.txt,Easy,1,0,0.0,0.0,0
084.txt,Easy,2,0,0.0,0.0,0
084.txt,Easy,3,0,0.0,0.0,0
085.txt,Easy,1,0,0.0,0.0,0
085.txt,Easy,2,0,0.0,0.0,0
085.txt,Easy,3,0,0.0,0.0,0
086.txt,Easy,1,0,0.0,0.0,0
086.txt,Easy,2,0,0.0,0.0,0
086.txt,Easy,3,0,0.0,0.0,0
087.txt,Easy,1,0,0.0,0.0,0
087.txt,Easy,2,0,0.0,0.0,0
087.txt,Easy,3,0,0.0,0.0,0
088.txt,Easy,1,0,0.0,0.0,0
088.txt,Easy,2,0,0.0,0.0,0
088.txt,Easy,3,0,0.0,0.0,0
089.txt,Easy,1,0,0.0,0.0,0
089.txt,Easy,2,0,0.0,0.0,0
089.txt,Easy,3,0,0.0,0.0,0
090.txt,Easy,1,0,0.0,0.0,0
090.txt,Easy,2,0,0.0,0.0,0
090.txt,Easy,3,0,0.0,0.0,0
091.txt,Easy,1,0,0.0,0.0,0
091.txt,Easy,2,0,0.0,0.0,0
091.txt,Easy,3,0,0.0,0.0,0
092.txt,Easy,1,0,0.0,0.0,0
092.txt,Easy,2,0,0.0,0.0,0
092.txt,Easy,3,0,0.0,0.0,0
093.txt,Easy,1,0,0.0,0.0,0
093.txt,Easy,2,0,0.0,0.0,0
093.txt,Easy,3,0,0.0,0.0,0
094.txt,Easy,1,0,0.0,0.0,0
094.txt,Easy,2,0,0.0,0.0,0
094.txt,Easy,3,0,0.0,0.0,0
095.txt,Easy,1,0,0.0,0.0,0
095.txt,Easy,2,0,0.0,0.0,0
095.txt,Easy,3,0,0.0,0.0,0
096.txt,Easy,1,0,0.0,0.0,0
096.txt,Easy,2,0,0.0,0.0,0
096.txt,Easy,3,0,0.0,0.0,0
097.txt,Easy,1,0,0.0,0.0,0
097.txt,Easy,2,0,0.0,0.0,0
097.txt,Easy,3,0,0.0,0.0,0
098.txt,Easy,1,0,0.0,0.0,0
098.txt,Easy,2,0,0.0,0.0,0
098.txt,Easy,3,0,0.0,0.0,0
099.txt,Easy,1,0,0.0,0.0,0
099.txt,Easy,2,0,0.0,0.0,0
099.txt,Easy,3,0,0.0,0.0,0
100.txt,Easy,1,0,0.0,0.0,0
100.txt,Easy,2,0,0.0,0.0,0
100.txt,Easy,3,0,0.0,0.0,0
