001.txt,Evil,1,3,14.790123456790123,1.643347050754458,6.845714285714286
001.txt,Evil,2,227,14.790123456790123,1.643347050754458,6.845714285714286
001.txt,Evil,3,0,14.790123456790123,1.643347050754458,6.845714285714286
002.txt,Evil,1,3,16.14814814814815,1.794238683127572,7.226519337016574
002.txt,Evil,2,422,16.14814814814815,1.794238683127572,7.226519337016574
002.txt,Evil,3,23,16.14814814814815,1.794238683127572,7.226519337016574
003.txt,Evil,1,8,14.17283950617284,1.5747599451303156,7.042944785276074
003.txt,Evil,2,104,14.17283950617284,1.5747599451303156,7.042944785276074
003.txt,Evil,3,2,14.17283950617284,1.5747599451303156,7.042944785276074
004.txt,Evil,1,1,12.037037037037036,1.337448559670782,6.4144736842105265
004.txt,Evil,2,32,12.037037037037036,1.337448559670782,6.4144736842105265
004.txt,Evil,3,5,12.037037037037036,1.337448559670782,6.4144736842105265
005.txt,Evil,1,6,13.25925925925926,1.4732510288065843,6.548780487804878
005.txt,Evil,2,28,13.25925925925926,1.4732510288065843,6.548780487804878
005.txt,Evil,3,1,13.25925925925926,1.4732510288065843,6.548780487804878
006.txt,Evil,1,4,6.234567901234568,0.6927297668038409,5.315789473684211
006.txt,Evil,2,5,6.234567901234568,0.6927297668038409,5.315789473684211
006.txt,Evil,3,2,6.234567901234568,0.6927297668038409,5.315789473684211
007.txt,Evil,1,3,12.25925925925926,1.3621399176954732,6.576158940397351
007.txt,Evil,2,64,12.25925925925926,1.3621399176954732,6.576158940397351
007.txt,Evil,3,2,12.25925925925926,1.3621399176954732,6.576158940397351
008.txt,Evil,1,6,10.345679012345679,1.149519890260631,6.161764705882353
008.txt,Evil,2,17,10.345679012345679,1.149519890260631,6.161764705882353
008.txt,Evil,3,3,10.345679012345679,1.149519890260631,6.161764705882353
009.txt,Evil,1,0,12.901234567901234,1.4334705075445817,6.490683229813665
009.txt,Evil,2,5,12.901234567901234,1.4334705075445817,6.490683229813665
009.txt,Evil,3,0,12.901234567901234,1.4334705075445817,6.490683229813665
010.txt,Evil,1,17,17.074074074074073,1.897119341563786,7.475675675675675
010.txt,Evil,2,103,17.074074074074073,1.897119341563786,7.475675675675675
010.txt,Evil,3,4,17.074074074074073,1.897119341563786,7.475675675675675
011.txt,Evil,1,2,14.518518518518519,1.6131687242798354,6.797687861271676
011.txt,Evil,2,54,14.518518518518519,1.6131687242798354,6.797687861271676
011.txt,Evil,3,1,14.518518518518519,1.6131687242798354,6.797687861271676
012.txt,Evil,1,0,9.123456790123457,1.0137174211248285,5.684615384615385
012.txt,Evil,2,23,9.123456790123457,1.0137174211248285,5.684615384615385
012.txt,Evil,3,0,9.123456790123457,1.0137174211248285,5.684615384615385
013.txt,Evil,1,9,13.975308641975309,1.5528120713305897,6.658823529411765
013.txt,Evil,2,137,13.975308641975309,1.5528120713305897,6.658823529411765
013.txt,Evil,3,1,13.975308641975309,1.5528120713305897,6.658823529411765
014.txt,Evil,1,1,8.432098765432098,0.9368998628257887,5.939130434782609
014.txt,Evil,2,16,8.432098765432098,0.9368998628257887,5.939130434782609
014.txt,Evil,3,1,8.432098765432098,0.9368998628257887,5.939130434782609
015.txt,Evil,1,3,11.91358024691358,1.3237311385459534,6.942446043165468
015.txt,Evil,2,4,11.91358024691358,1.3237311385459534,6.942446043165468
015.txt,Evil,3,0,11.91358024691358,1.3237311385459534,6.942446043165468
016.txt,Evil,1,0,12.024691358024691,1.336076817558299,6.493333333333333
016.txt,Evil,2,29,12.024691358024691,1.336076817558299,6.493333333333333
016.txt,Evil,3,2,12.024691358024691,1.336076817558299,6.493333333333333
017.txt,Evil,1,5,10.345679012345679,1.149519890260631,6.028776978417266
017.txt,Evil,2,9,10.345679012345679,1.149519890260631,6.028776978417266
017.txt,Evil,3,1,10.345679012345679,1.149519890260631,6.028776978417266
018.txt,Evil,1,2,9.567901234567902,1.0631001371742113,6.300813008130081
018.txt,Evil,2,20,9.567901234567902,1.0631001371742113,6.300813008130081
018.txt,Evil,3,2,9.567901234567902,1.0631001371742113,6.300813008130081
019.txt,Evil,1,1,9.11111111111111,1.0123456790123457,6.0
019.txt,Evil,2,35,9.11111111111111,1.0123456790123457,6.0
019.txt,Evil,3,1,9.11111111111111,1.0123456790123457,6.0
020.txt,Evil,1,7,14.148148148148149,1.5720164609053497,6.624277456647399
020.txt,Evil,2,102,14.148148148148149,1.5720164609053497,6.624277456647399
020.txt,Evil,3,3,14.148148148148149,1.5720164609053497,6.624277456647399
021.txt,Evil,1,2,11.839506172839506,1.3155006858710563,6.523809523809524
021.txt,Evil,2,41,11.839506172839506,1.3155006858710563,6.523809523809524
021.txt,Evil,3,1,11.839506172839506,1.3155006858710563,6.523809523809524
022.txt,Evil,1,0,13.271604938271604,1.4746227709190671,6.595092024539877
022.txt,Evil,2,47,13.271604938271604,1.4746227709190671,6.595092024539877
022.txt,Evil,3,1,13.271604938271604,1.4746227709190671,6.595092024539877
023.txt,Evil,1,1,8.753086419753087,0.9725651577503429,5.764227642276423
023.txt,Evil,2,33,8.753086419753087,0.9725651577503429,5.764227642276423
023.txt,Evil,3,1,8.753086419753087,0.9725651577503429,5.764227642276423
024.txt,Evil,1,2,8.802469135802468,0.9780521262002744,5.991596638655462
024.txt,Evil,2,20,8.802469135802468,0.9780521262002744,5.991596638655462
024.txt,Evil,3,3,8.802469135802468,0.9780521262002744,5.991596638655462
025.txt,Evil,1,2,9.160493827160494,1.0178326474622772,6.032520325203252
025.txt,Evil,2,8,9.160493827160494,1.0178326474622772,6.032520325203252
025.txt,Evil,3,0,9.160493827160494,1.0178326474622772,6.032520325203252
026.txt,Evil,1,4,17.530864197530864,1.9478737997256517,7.395833333333333
026.txt,Evil,2,267,17.530864197530864,1.9478737997256517,7.395833333333333
026.txt,Evil,3,3,17.530864197530864,1.9478737997256517,7.395833333333333
027.txt,Evil,1,1,7.0246913580246915,0.7805212620027435,5.524271844660194
027.txt,Evil,2,0,7.0246913580246915,0.7805212620027435,5.524271844660194
027.txt,Evil,3,1,7.0246913580246915,0.7805212620027435,5.524271844660194
028.txt,Evil,1,2,9.481481481481481,1.0534979423868314,6.144
028.txt,Evil,2,32,9.481481481481481,1.0534979423868314,6.144
028.txt,Evil,3,3,9.481481481481481,1.0534979423868314,6.144
029.txt,Evil,1,2,11.197530864197532,1.244170096021948,6.669117647058823
029.txt,Evil,2,0,11.197530864197532,1.244170096021948,6.669117647058823
029.txt,Evil,3,1,11.197530864197532,1.244170096021948,6.669117647058823
030.txt,Evil,1,1,12.62962962962963,1.4032921810699588,6.5576923076923075
030.txt,Evil,2,76,12.62962962962963,1.4032921810699588,6.5576923076923075
030.txt,Evil,3,14,12.62962962962963,1.4032921810699588,6.5576923076923075
031.txt,Evil,1,1,7.691358024691358,0.8545953360768176,5.877358490566038
031.txt,Evil,2,9,7.691358024691358,0.8545953360768176,5.877358490566038
031.txt,Evil,3,0,7.691358024691358,0.8545953360768176,5.877358490566038
032.txt,Evil,1,5,12.876543209876543,1.4307270233196159,6.7290322580645165
032.txt,Evil,2,85,12.876543209876543,1.4307270233196159,6.7290322580645165
032.txt,Evil,3,4,12.876543209876543,1.4307270233196159,6.7290322580645165
033.txt,Evil,1,4,13.74074074074074,1.5267489711934157,6.664670658682635
033.txt,Evil,2,55,13.74074074074074,1.5267489711934157,6.664670658682635
033.txt,Evil,3,4,13.74074074074074,1.5267489711934157,6.664670658682635
034.txt,Evil,1,3,14.444444444444445,1.6049382716049383,6.923076923076923
034.txt,Evil,2,49,14.444444444444445,1.6049382716049383,6.923076923076923
034.txt,Evil,3,4,14.444444444444445,1.6049382716049383,6.923076923076923
035.txt,Evil,1,4,10.82716049382716,1.2030178326474623,6.309352517985611
035.txt,Evil,2,61,10.82716049382716,1.2030178326474623,6.309352517985611
035.txt,Evil,3,2,10.82716049382716,1.2030178326474623,6.309352517985611
036.txt,Evil,1,4,12.62962962962963,1.4032921810699588,6.5576923076923075
036.txt,Evil,2,141,12.62962962962963,1.4032921810699588,6.5576923076923075
036.txt,Evil,3,4,12.62962962962963,1.4032921810699588,6.5576923076923075
037.txt,Evil,1,4,10.839506172839506,1.2043895747599451,6.183098591549296
037.txt,Evil,2,29,10.839506172839506,1.2043895747599451,6.183098591549296
037.txt,Evil,3,8,10.839506172839506,1.2043895747599451,6.183098591549296
038.txt,Evil,1,3,16.320987654320987,1.813443072702332,7.263736263736264
038.txt,Evil,2,88,16.320987654320987,1.813443072702332,7.263736263736264
038.txt,Evil,3,2,16.320987654320987,1.813443072702332,7.263736263736264
039.txt,Evil,1,0,11.320987654320987,1.2578875171467765,6.280821917808219
039.txt,Evil,2,40,11.320987654320987,1.2578875171467765,6.280821917808219
039.txt,Evil,3,0,11.320987654320987,1.2578875171467765,6.280821917808219
040.txt,Evil,1,3,18.666666666666668,2.074074074074074,7.793814432989691
040.txt,Evil,2,234,18.666666666666668,2.074074074074074,7.793814432989691
040.txt,Evil,3,4,18.666666666666668,2.074074074074074,7.793814432989691
041.txt,Evil,1,1,15.049382716049383,1.672153635116598,7.299401197604791
041.txt,Evil,2,119,15.049382716049383,1.672153635116598,7.299401197604791
041.txt,Evil,3,7,15.049382716049383,1.672153635116598,7.299401197604791
042.txt,Evil,1,2,10.765432098765432,1.196159122085048,6.606060606060606
042.txt,Evil,2,36,10.765432098765432,1.196159122085048,6.606060606060606
042.txt,Evil,3,7,10.765432098765432,1.196159122085048,6.606060606060606
043.txt,Evil,1,3,16.0,1.7777777777777777,7.534883720930233
043.txt,Evil,2,130,16.0,1.7777777777777777,7.534883720930233
043.txt,Evil,3,11,16.0,1.7777777777777777,7.534883720930233
044.txt,Evil,1,11,15.148148148148149,1.683127572016461,6.816666666666666
044.txt,Evil,2,67,15.148148148148149,1.683127572016461,6.816666666666666
044.txt,Evil,3,2,15.148148148148149,1.683127572016461,6.816666666666666
045.txt,Evil,1,1,7.432098765432099,0.8257887517146777,5.522935779816514
045.txt,Evil,2,13,7.432098765432099,0.8257887517146777,5.522935779816514
045.txt,Evil,3,0,7.432098765432099,0.8257887517146777,5.522935779816514
046.txt,Evil,1,2,9.604938271604938,1.06721536351166,6.125984251968504
046.txt,Evil,2,24,9.604938271604938,1.06721536351166,6.125984251968504
046.txt,Evil,3,1,9.604938271604938,1.06721536351166,6.125984251968504
047.txt,Evil,1,2,10.333333333333334,1.1481481481481481,6.0215827338129495
047.txt,Evil,2,10,10.333333333333334,1.1481481481481481,6.0215827338129495
047.txt,Evil,3,1,10.333333333333334,1.1481481481481481,6.0215827338129495
048.txt,Evil,1,2,12.777777777777779,1.4197530864197532,6.46875
048.txt,Evil,2,49,12.777777777777779,1.4197530864197532,6.46875
048.txt,Evil,3,4,12.777777777777779,1.4197530864197532,6.46875
049.txt,Evil,1,4,9.654320987654321,1.0727023319615911,5.969465648854962
049.txt,Evil,2,15,9.654320987654321,1.0727023319615911,5.969465648854962
049.txt,Evil,3,3,9.654320987654321,1.0727023319615911,5.969465648854962
050.txt,Evil,1,0,6.234567901234568,0.6927297668038409,5.315789473684211
050.txt,Evil,2,7,6.234567901234568,0.6927297668038409,5.315789473684211
050.txt,Evil,3,0,6.234567901234568,0.6927297668038409,5.315789473684211
051.txt,Evil,1,2,7.716049382716049,0.8573388203017832,5.841121495327103
051.txt,Evil,2,20,7.716049382716049,0.8573388203017832,5.841121495327103
051.txt,Evil,3,5,7.716049382716049,0.8573388203017832,5.841121495327103
052.txt,Evil,1,2,11.74074074074074,1.3045267489711934,6.469387755102041
052.txt,Evil,2,55,11.74074074074074,1.3045267489711934,6.469387755102041
052.txt,Evil,3,2,11.74074074074074,1.3045267489711934,6.469387755102041
053.txt,Evil,1,2,8.518518518518519,0.9465020576131687,5.8474576271186445
053.txt,Evil,2,18,8.518518518518519,0.9465020576131687,5.8474576271186445
053.txt,Evil,3,1,8.518518518518519,0.9465020576131687,5.8474576271186445
054.txt,Evil,1,5,11.864197530864198,1.318244170096022,6.281045751633987
054.txt,Evil,2,18,11.864197530864198,1.318244170096022,6.281045751633987
054.txt,Evil,3,5,11.864197530864198,1.318244170096022,6.281045751633987
055.txt,Evil,1,1,10.444444444444445,1.1604938271604939,6.313432835820896
055.txt,Evil,2,90,10.444444444444445,1.1604938271604939,6.313432835820896
055.txt,Evil,3,1,10.444444444444445,1.1604938271604939,6.313432835820896
056.txt,Evil,1,0,9.320987654320987,1.0356652949245542,5.94488188976378
056.txt,Evil,2,19,9.320987654320987,1.0356652949245542,5.94488188976378
056.txt,Evil,3,4,9.320987654320987,1.0356652949245542,5.94488188976378
057.txt,Evil,1,4,8.716049382716049,0.9684499314128944,5.786885245901639
057.txt,Evil,2,22,8.716049382716049,0.9684499314128944,5.786885245901639
057.txt,Evil,3,0,8.716049382716049,0.9684499314128944,5.786885245901639
058.txt,Evil,1,1,10.876543209876543,1.2085048010973938,6.118055555555555
058.txt,Evil,2,24,10.876543209876543,1.2085048010973938,6.118055555555555
058.txt,Evil,3,1,10.876543209876543,1.2085048010973938,6.118055555555555
059.txt,Evil,1,2,13.604938271604938,1.5116598079561043,6.84472049689441
059.txt,Evil,2,172,13.604938271604938,1.5116598079561043,6.84472049689441
059.txt,Evil,3,2,13.604938271604938,1.5116598079561043,6.84472049689441
060.txt,Evil,1,0,14.691358024691358,1.6323731138545954,6.878612716763006
060.txt,Evil,2,188,14.691358024691358,1.6323731138545954,6.878612716763006
060.txt,Evil,3,3,14.691358024691358,1.6323731138545954,6.878612716763006
061.txt,Evil,1,0,9.234567901234568,1.0260631001371743,5.889763779527559
061.txt,Evil,2,14,9.234567901234568,1.0260631001371743,5.889763779527559
061.txt,Evil,3,1,9.234567901234568,1.0260631001371743,5.889763779527559
062.txt,Evil,1,1,10.851851851851851,1.205761316872428,6.416058394160584
062.txt,Evil,2,67,10.851851851851851,1.205761316872428,6.416058394160584
062.txt,Evil,3,1,10.851851851851851,1.205761316872428,6.416058394160584
063.txt,Evil,1,7,13.765432098765432,1.5294924554183813,6.445086705202312
063.txt,Evil,2,88,13.765432098765432,1.5294924554183813,6.445086705202312
063.txt,Evil,3,9,13.765432098765432,1.5294924554183813,6.445086705202312
064.txt,Evil,1,6,15.333333333333334,1.7037037037037037,7.349112426035503
064.txt,Evil,2,67,15.333333333333334,1.7037037037037037,7.349112426035503
064.txt,Evil,3,4,15.333333333333334,1.7037037037037037,7.349112426035503
065.txt,Evil,1,1,9.11111111111111,1.0123456790123457,6.0
065.txt,Evil,2,28,9.11111111111111,1.0123456790123457,6.0
065.txt,Evil,3,6,9.11111111111111,1.0123456790123457,6.0
066.txt,Evil,1,0,11.62962962962963,1.2921810699588476,6.364864864864865
066.txt,Evil,2,31,11.62962962962963,1.2921810699588476,6.364864864864865
066.txt,Evil,3,1,11.62962962962963,1.2921810699588476,6.364864864864865
067.txt,Evil,1,1,7.839506172839506,0.8710562414266118,5.7207207207207205
067.txt,Evil,2,17,7.839506172839506,0.8710562414266118,5.7207207207207205
067.txt,Evil,3,0,7.839506172839506,0.8710562414266118,5.7207207207207205
068.txt,Evil,1,2,11.82716049382716,1.3141289437585735,6.386666666666667
068.txt,Evil,2,40,11.82716049382716,1.3141289437585735,6.386666666666667
068.txt,Evil,3,1,11.82716049382716,1.3141289437585735,6.386666666666667
069.txt,Evil,1,27,15.567901234567902,1.729766803840878,7.0055555555555555
069.txt,Evil,2,188,15.567901234567902,1.729766803840878,7.0055555555555555
069.txt,Evil,3,2,15.567901234567902,1.729766803840878,7.0055555555555555
070.txt,Evil,1,2,12.333333333333334,1.3703703703703705,6.403846153846154
070.txt,Evil,2,38,12.333333333333334,1.3703703703703705,6.403846153846154
070.txt,Evil,3,0,12.333333333333334,1.3703703703703705,6.403846153846154
071.txt,Evil,1,1,14.222222222222221,1.5802469135802468,7.024390243902439
071.txt,Evil,2,36,14.222222222222221,1.5802469135802468,7.024390243902439
071.txt,Evil,3,5,14.222222222222221,1.5802469135802468,7.024390243902439
072.txt,Evil,1,2,18.666666666666668,2.074074074074074,7.485148514851486
072.txt,Evil,2,435,18.666666666666668,2.074074074074074,7.485148514851486
072.txt,Evil,3,1,18.666666666666668,2.074074074074074,7.485148514851486
073.txt,Evil,1,0,12.160493827160494,1.3511659807956105,6.396103896103896
073.txt,Evil,2,108,12.160493827160494,1.3511659807956105,6.396103896103896
073.txt,Evil,3,2,12.160493827160494,1.3511659807956105,6.396103896103896
074.txt,Evil,1,9,12.160493827160494,1.3511659807956105,6.396103896103896
074.txt,Evil,2,96,12.160493827160494,1.3511659807956105,6.396103896103896
074.txt,Evil,3,5,12.160493827160494,1.3511659807956105,6.396103896103896
075.txt,Evil,1,1,13.765432098765432,1.5294924554183813,6.445086705202312
075.txt,Evil,2,81,13.765432098765432,1.5294924554183813,6.445086705202312
075.txt,Evil,3,1,13.765432098765432,1.5294924554183813,6.445086705202312
076.txt,Evil,1,1,8.716049382716049,0.9684499314128944,6.034188034188034
076.txt,Evil,2,19,8.716049382716049,0.9684499314128944,6.034188034188034
076.txt,Evil,3,0,8.716049382716049,0.9684499314128944,6.034188034188034
077.txt,Evil,1,7,8.08641975308642,0.8984910836762688,5.598290598290598
077.txt,Evil,2,29,8.08641975308642,0.8984910836762688,5.598290598290598
077.txt,Evil,3,1,8.08641975308642,0.8984910836762688,5.598290598290598
078.txt,Evil,1,4,9.160493827160494,1.0178326474622772,6.032520325203252
078.txt,Evil,2,31,9.160493827160494,1.0178326474622772,6.032520325203252
078.txt,Evil,3,2,9.160493827160494,1.0178326474622772,6.032520325203252
079.txt,Evil,1,1,6.234567901234568,0.6927297668038409,5.315789473684211
079.txt,Evil,2,7,6.234567901234568,0.6927297668038409,5.315789473684211
079.txt,Evil,3,1,6.234567901234568,0.6927297668038409,5.315789473684211
080.txt,Evil,1,3,16.925925925925927,1.8806584362139918,7.103626943005182
080.txt,Evil,2,228,16.925925925925927,1.8806584362139918,7.103626943005182
080.txt,Evil,3,3,16.925925925925927,1.8806584362139918,7.103626943005182
081.txt,Evil,1,2,10.814814814814815,1.2016460905349795,6.212765957446808
081.txt,Evil,2,35,10.814814814814815,1.2016460905349795,6.212765957446808
081.txt,Evil,3,2,10.814814814814815,1.2016460905349795,6.212765957446808
082.txt,Evil,1,3,7.271604938271605,0.8079561042524005,5.663461538461538
082.txt,Evil,2,24,7.271604938271605,0.8079561042524005,5.663461538461538
082.txt,Evil,3,1,7.271604938271605,0.8079561042524005,5.663461538461538
083.txt,Evil,1,1,13.641975308641975,1.5157750342935528,6.461988304093567
083.txt,Evil,2,79,13.641975308641975,1.5157750342935528,6.461988304093567
083.txt,Evil,3,7,13.641975308641975,1.5157750342935528,6.461988304093567
084.txt,Evil,1,3,10.234567901234568,1.1371742112482852,6.186567164179104
084.txt,Evil,2,52,10.234567901234568,1.1371742112482852,6.186567164179104
084.txt,Evil,3,1,10.234567901234568,1.1371742112482852,6.186567164179104
085.txt,Evil,1,0,15.395061728395062,1.710562414266118,7.045197740112994
085.txt,Evil,2,184,15.395061728395062,1.710562414266118,7.045197740112994
085.txt,Evil,3,0,15.395061728395062,1.710562414266118,7.045197740112994
086.txt,Evil,1,5,13.185185185185185,1.4650205761316872,6.890322580645162
086.txt,Evil,2,110,13.185185185185185,1.4650205761316872,6.890322580645162
086.txt,Evil,3,1,13.185185185185185,1.4650205761316872,6.890322580645162
087.txt,Evil,1,1,8.802469135802468,0.9780521262002744,5.991596638655462
087.txt,Evil,2,21,8.802469135802468,0.9780521262002744,5.991596638655462
087.txt,Evil,3,1,8.802469135802468,0.9780521262002744,5.991596638655462
088.txt,Evil,1,2,10.876543209876543,1.2085048010973938,6.118055555555555
088.txt,Evil,2,30,10.876543209876543,1.2085048010973938,6.118055555555555
088.txt,Evil,3,6,10.876543209876543,1.2085048010973938,6.118055555555555
089.txt,Evil,1,0,9.123456790123457,1.0137174211248285,5.684615384615385
089.txt,Evil,2,20,9.123456790123457,1.0137174211248285,5.684615384615385
089.txt,Evil,3,2,9.123456790123457,1.0137174211248285,5.684615384615385
090.txt,Evil,1,0,14.814814814814815,1.646090534979424,6.857142857142857
090.txt,Evil,2,26,14.814814814814815,1.646090534979424,6.857142857142857
090.txt,Evil,3,7,14.814814814814815,1.646090534979424,6.857142857142857
091.txt,Evil,1,0,13.765432098765432,1.5294924554183813,6.445086705202312
091.txt,Evil,2,61,13.765432098765432,1.5294924554183813,6.445086705202312
091.txt,Evil,3,1,13.765432098765432,1.5294924554183813,6.445086705202312
092.txt,Evil,1,6,11.222222222222221,1.2469135802469136,6.0198675496688745
092.txt,Evil,2,46,11.222222222222221,1.2469135802469136,6.0198675496688745
092.txt,Evil,3,0,11.222222222222221,1.2469135802469136,6.0198675496688745
093.txt,Evil,1,1,12.777777777777779,1.4197530864197532,6.46875
093.txt,Evil,2,54,12.777777777777779,1.4197530864197532,6.46875
093.txt,Evil,3,3,12.777777777777779,1.4197530864197532,6.46875
094.txt,Evil,1,7,12.88888888888889,1.4320987654320987,7.006711409395973
094.txt,Evil,2,53,12.88888888888889,1.4320987654320987,7.006711409395973
094.txt,Evil,3,4,12.88888888888889,1.4320987654320987,7.006711409395973
095.txt,Evil,1,5,14.691358024691358,1.6323731138545954,7.041420118343195
095.txt,Evil,2,23,14.691358024691358,1.6323731138545954,7.041420118343195
095.txt,Evil,3,4,14.691358024691358,1.6323731138545954,7.041420118343195
096.txt,Evil,1,1,16.938271604938272,1.8820301783264746,7.538461538461538
096.txt,Evil,2,92,16.938271604938272,1.8820301783264746,7.538461538461538
096.txt,Evil,3,12,16.938271604938272,1.8820301783264746,7.538461538461538
097.txt,Evil,1,9,14.753086419753087,1.6392318244170097,6.751412429378531
097.txt,Evil,2,42,14.753086419753087,1.6392318244170097,6.751412429378531
097.txt,Evil,3,2,14.753086419753087,1.6392318244170097,6.751412429378531
098.txt,Evil,1,2,11.333333333333334,1.2592592592592593,6.3310344827586205
098.txt,Evil,2,32,11.333333333333334,1.2592592592592593,6.3310344827586205
098.txt,Evil,3,3,11.333333333333334,1.2592592592592593,6.3310344827586205
099.txt,Evil,1,0,15.925925925925926,1.7695473251028806,7.049180327868853
099.txt,Evil,2,146,15.925925925925926,1.7695473251028806,7.049180327868853
099.txt,Evil,3,3,15.925925925925926,1.7695473251028806,7.049180327868853
100.txt,Evil,1,5,15.148148148148149,1.683127572016461,6.816666666666666
100.txt,Evil,2,85,15.148148148148149,1.683127572016461,6.816666666666666
100.txt,Evil,3,2,15.148148148148149,1.683127572016461,6.816666666666666
101.txt,Evil,1,7,11.37037037037037,1.2633744855967077,6.531914893617022
101.txt,Evil,2,60,11.37037037037037,1.2633744855967077,6.531914893617022
101.txt,Evil,3,0,11.37037037037037,1.2633744855967077,6.531914893617022
102.txt,Evil,1,8,17.469135802469136,1.9410150891632374,7.219387755102041
102.txt,Evil,2,300,17.469135802469136,1.9410150891632374,7.219387755102041
102.txt,Evil,3,3,17.469135802469136,1.9410150891632374,7.219387755102041
103.txt,Evil,1,6,12.666666666666666,1.4074074074074074,6.452830188679245
103.txt,Evil,2,88,12.666666666666666,1.4074074074074074,6.452830188679245
103.txt,Evil,3,2,12.666666666666666,1.4074074074074074,6.452830188679245
104.txt,Evil,1,2,12.876543209876543,1.4307270233196159,6.7290322580645165
104.txt,Evil,2,130,12.876543209876543,1.4307270233196159,6.7290322580645165
104.txt,Evil,3,5,12.876543209876543,1.4307270233196159,6.7290322580645165
105.txt,Evil,1,2,9.654320987654321,1.0727023319615911,5.969465648854962
105.txt,Evil,2,10,9.654320987654321,1.0727023319615911,5.969465648854962
105.txt,Evil,3,1,9.654320987654321,1.0727023319615911,5.969465648854962
106.txt,Evil,1,2,10.024691358024691,1.1138545953360768,6.059701492537314
106.txt,Evil,2,34,10.024691358024691,1.1138545953360768,6.059701492537314
106.txt,Evil,3,0,10.024691358024691,1.1138545953360768,6.059701492537314
107.txt,Evil,1,7,18.51851851851852,2.05761316872428,7.389162561576355
107.txt,Evil,2,804,18.51851851851852,2.05761316872428,7.389162561576355
107.txt,Evil,3,4,18.51851851851852,2.05761316872428,7.389162561576355
108.txt,Evil,1,2,10.567901234567902,1.1742112482853224,6.248175182481752
108.txt,Evil,2,9,10.567901234567902,1.1742112482853224,6.248175182481752
108.txt,Evil,3,1,10.567901234567902,1.1742112482853224,6.248175182481752
109.txt,Evil,1,15,16.938271604938272,1.8820301783264746,7.538461538461538
109.txt,Evil,2,144,16.938271604938272,1.8820301783264746,7.538461538461538
109.txt,Evil,3,0,16.938271604938272,1.8820301783264746,7.538461538461538
110.txt,Evil,1,1,13.0,1.4444444444444444,6.58125
110.txt,Evil,2,44,13.0,1.4444444444444444,6.58125
110.txt,Evil,3,1,13.0,1.4444444444444444,6.58125
111.txt,Evil,1,7,12.432098765432098,1.3813443072702332,6.414012738853503
111.txt,Evil,2,57,12.432098765432098,1.3813443072702332,6.414012738853503
111.txt,Evil,3,3,12.432098765432098,1.3813443072702332,6.414012738853503
112.txt,Evil,1,1,11.962962962962964,1.3292181069958848,6.46
112.txt,Evil,2,51,11.962962962962964,1.3292181069958848,6.46
112.txt,Evil,3,4,11.962962962962964,1.3292181069958848,6.46
113.txt,Evil,1,1,8.679012345679013,0.9643347050754458,6.060344827586207
113.txt,Evil,2,0,8.679012345679013,0.9643347050754458,6.060344827586207
113.txt,Evil,3,3,8.679012345679013,0.9643347050754458,6.060344827586207
114.txt,Evil,1,3,13.271604938271604,1.4746227709190671,6.595092024539877
114.txt,Evil,2,70,13.271604938271604,1.4746227709190671,6.595092024539877
114.txt,Evil,3,6,13.271604938271604,1.4746227709190671,6.595092024539877
115.txt,Evil,1,14,13.037037037037036,1.448559670781893,6.726114649681529
115.txt,Evil,2,91,13.037037037037036,1.448559670781893,6.726114649681529
115.txt,Evil,3,9,13.037037037037036,1.448559670781893,6.726114649681529
116.txt,Evil,1,4,7.098765432098766,0.7887517146776406,5.476190476190476
116.txt,Evil,2,13,7.098765432098766,0.7887517146776406,5.476190476190476
116.txt,Evil,3,0,7.098765432098766,0.7887517146776406,5.476190476190476
117.txt,Evil,1,0,12.320987654320987,1.3689986282578874,6.882758620689655
117.txt,Evil,2,58,12.320987654320987,1.3689986282578874,6.882758620689655
117.txt,Evil,3,2,12.320987654320987,1.3689986282578874,6.882758620689655
118.txt,Evil,1,3,10.814814814814815,1.2016460905349795,6.212765957446808
118.txt,Evil,2,33,10.814814814814815,1.2016460905349795,6.212765957446808
118.txt,Evil,3,3,10.814814814814815,1.2016460905349795,6.212765957446808
119.txt,Evil,1,1,10.395061728395062,1.1550068587105624,6.237037037037037
119.txt,Evil,2,43,10.395061728395062,1.1550068587105624,6.237037037037037
119.txt,Evil,3,0,10.395061728395062,1.1550068587105624,6.237037037037037
120.txt,Evil,1,3,12.901234567901234,1.4334705075445817,6.490683229813665
120.txt,Evil,2,59,12.901234567901234,1.4334705075445817,6.490683229813665
120.txt,Evil,3,11,12.901234567901234,1.4334705075445817,6.490683229813665
121.txt,Evil,1,1,12.333333333333334,1.3703703703703705,6.403846153846154
121.txt,Evil,2,40,12.333333333333334,1.3703703703703705,6.403846153846154
121.txt,Evil,3,2,12.333333333333334,1.3703703703703705,6.403846153846154
122.txt,Evil,1,5,14.617283950617283,1.6241426611796983,6.6892655367231635
122.txt,Evil,2,105,14.617283950617283,1.6241426611796983,6.6892655367231635
122.txt,Evil,3,5,14.617283950617283,1.6241426611796983,6.6892655367231635
123.txt,Evil,1,1,8.790123456790123,0.9766803840877915,5.696
123.txt,Evil,2,38,8.790123456790123,0.9766803840877915,5.696
123.txt,Evil,3,4,8.790123456790123,0.9766803840877915,5.696
124.txt,Evil,1,1,14.518518518518519,1.6131687242798354,6.797687861271676
124.txt,Evil,2,97,14.518518518518519,1.6131687242798354,6.797687861271676
124.txt,Evil,3,2,14.518518518518519,1.6131687242798354,6.797687861271676
125.txt,Evil,1,10,18.666666666666668,2.074074074074074,7.485148514851486
125.txt,Evil,2,559,18.666666666666668,2.074074074074074,7.485148514851486
125.txt,Evil,3,4,18.666666666666668,2.074074074074074,7.485148514851486
126.txt,Evil,1,1,8.975308641975309,0.9972565157750343,5.959016393442623
126.txt,Evil,2,30,8.975308641975309,0.9972565157750343,5.959016393442623
126.txt,Evil,3,1,8.975308641975309,0.9972565157750343,5.959016393442623
127.txt,Evil,1,6,12.777777777777779,1.4197530864197532,6.46875
127.txt,Evil,2,47,12.777777777777779,1.4197530864197532,6.46875
127.txt,Evil,3,1,12.777777777777779,1.4197530864197532,6.46875
128.txt,Evil,1,11,16.14814814814815,1.794238683127572,7.226519337016574
128.txt,Evil,2,518,16.14814814814815,1.794238683127572,7.226519337016574
128.txt,Evil,3,9,16.14814814814815,1.794238683127572,7.226519337016574
129.txt,Evil,1,5,17.074074074074073,1.897119341563786,7.475675675675675
129.txt,Evil,2,113,17.074074074074073,1.897119341563786,7.475675675675675
129.txt,Evil,3,1,17.074074074074073,1.897119341563786,7.475675675675675
130.txt,Evil,1,1,9.160493827160494,1.0178326474622772,6.032520325203252
130.txt,Evil,2,31,9.160493827160494,1.0178326474622772,6.032520325203252
130.txt,Evil,3,1,9.160493827160494,1.0178326474622772,6.032520325203252
131.txt,Evil,1,4,10.82716049382716,1.2030178326474623,6.309352517985611
131.txt,Evil,2,80,10.82716049382716,1.2030178326474623,6.309352517985611
131.txt,Evil,3,5,10.82716049382716,1.2030178326474623,6.309352517985611
132.txt,Evil,1,6,11.91358024691358,1.3237311385459534,6.942446043165468
132.txt,Evil,2,18,11.91358024691358,1.3237311385459534,6.942446043165468
132.txt,Evil,3,1,11.91358024691358,1.3237311385459534,6.942446043165468
133.txt,Evil,1,9,12.25925925925926,1.3621399176954732,6.532894736842105
133.txt,Evil,2,53,12.25925925925926,1.3621399176954732,6.532894736842105
133.txt,Evil,3,0,12.25925925925926,1.3621399176954732,6.532894736842105
134.txt,Evil,1,1,11.74074074074074,1.3045267489711934,6.469387755102041
134.txt,Evil,2,81,11.74074074074074,1.3045267489711934,6.469387755102041
134.txt,Evil,3,0,11.74074074074074,1.3045267489711934,6.469387755102041
135.txt,Evil,1,3,10.765432098765432,1.196159122085048,6.184397163120567
135.txt,Evil,2,20,10.765432098765432,1.196159122085048,6.184397163120567
135.txt,Evil,3,5,10.765432098765432,1.196159122085048,6.184397163120567
136.txt,Evil,1,10,16.925925925925927,1.8806584362139918,7.103626943005182
136.txt,Evil,2,301,16.925925925925927,1.8806584362139918,7.103626943005182
136.txt,Evil,3,2,16.925925925925927,1.8806584362139918,7.103626943005182
137.txt,Evil,1,1,12.0,1.3333333333333333,6.352941176470588
137.txt,Evil,2,15,12.0,1.3333333333333333,6.352941176470588
137.txt,Evil,3,1,12.0,1.3333333333333333,6.352941176470588
138.txt,Evil,1,4,13.62962962962963,1.51440329218107,6.650602409638554
138.txt,Evil,2,168,13.62962962962963,1.51440329218107,6.650602409638554
138.txt,Evil,3,2,13.62962962962963,1.51440329218107,6.650602409638554
139.txt,Evil,1,4,12.518518518518519,1.3909465020576133,6.627450980392157
139.txt,Evil,2,43,12.518518518518519,1.3909465020576133,6.627450980392157
139.txt,Evil,3,1,12.518518518518519,1.3909465020576133,6.627450980392157
140.txt,Evil,1,2,14.17283950617284,1.5747599451303156,7.042944785276074
140.txt,Evil,2,93,14.17283950617284,1.5747599451303156,7.042944785276074
140.txt,Evil,3,6,14.17283950617284,1.5747599451303156,7.042944785276074
141.txt,Evil,1,5,15.333333333333334,1.7037037037037037,7.349112426035503
141.txt,Evil,2,77,15.333333333333334,1.7037037037037037,7.349112426035503
141.txt,Evil,3,3,15.333333333333334,1.7037037037037037,7.349112426035503
142.txt,Evil,1,6,11.469135802469136,1.2743484224965707,6.193333333333333
142.txt,Evil,2,59,11.469135802469136,1.2743484224965707,6.193333333333333
142.txt,Evil,3,3,11.469135802469136,1.2743484224965707,6.193333333333333
143.txt,Evil,1,0,7.716049382716049,0.8573388203017832,5.73394495412844
143.txt,Evil,2,26,7.716049382716049,0.8573388203017832,5.73394495412844
143.txt,Evil,3,0,7.716049382716049,0.8573388203017832,5.73394495412844
144.txt,Evil,1,0,9.320987654320987,1.0356652949245542,5.94488188976378
144.txt,Evil,2,1,9.320987654320987,1.0356652949245542,5.94488188976378
144.txt,Evil,3,0,9.320987654320987,1.0356652949245542,5.94488188976378
145.txt,Evil,1,5,11.91358024691358,1.3237311385459534,6.942446043165468
145.txt,Evil,2,10,11.91358024691358,1.3237311385459534,6.942446043165468
145.txt,Evil,3,2,11.91358024691358,1.3237311385459534,6.942446043165468
146.txt,Evil,1,6,15.049382716049383,1.672153635116598,7.299401197604791
146.txt,Evil,2,91,15.049382716049383,1.672153635116598,7.299401197604791
146.txt,Evil,3,1,15.049382716049383,1.672153635116598,7.299401197604791
147.txt,Evil,1,0,14.222222222222221,1.5802469135802468,7.024390243902439
147.txt,Evil,2,71,14.222222222222221,1.5802469135802468,7.024390243902439
147.txt,Evil,3,2,14.222222222222221,1.5802469135802468,7.024390243902439
148.txt,Evil,1,0,10.333333333333334,1.1481481481481481,6.0215827338129495
148.txt,Evil,2,11,10.333333333333334,1.1481481481481481,6.0215827338129495
148.txt,Evil,3,1,10.333333333333334,1.1481481481481481,6.0215827338129495
149.txt,Evil,1,1,11.62962962962963,1.2921810699588476,6.364864864864865
149.txt,Evil,2,33,11.62962962962963,1.2921810699588476,6.364864864864865
149.txt,Evil,3,0,11.62962962962963,1.2921810699588476,6.364864864864865
150.txt,Evil,1,2,18.666666666666668,2.074074074074074,7.485148514851486
150.txt,Evil,2,209,18.666666666666668,2.074074074074074,7.485148514851486
150.txt,Evil,3,1,18.666666666666668,2.074074074074074,7.485148514851486
151.txt,Evil,1,1,9.604938271604938,1.06721536351166,6.125984251968504
151.txt,Evil,2,15,9.604938271604938,1.06721536351166,6.125984251968504
151.txt,Evil,3,1,9.604938271604938,1.06721536351166,6.125984251968504
152.txt,Evil,1,1,10.765432098765432,1.196159122085048,6.606060606060606
152.txt,Evil,2,10,10.765432098765432,1.196159122085048,6.606060606060606
152.txt,Evil,3,0,10.765432098765432,1.196159122085048,6.606060606060606
153.txt,Evil,1,1,10.716049382716049,1.1906721536351166,6.244604316546763
153.txt,Evil,2,132,10.716049382716049,1.1906721536351166,6.244604316546763
153.txt,Evil,3,2,10.716049382716049,1.1906721536351166,6.244604316546763
154.txt,Evil,1,1,10.407407407407407,1.1563786008230452,6.153284671532846
154.txt,Evil,2,36,10.407407407407407,1.1563786008230452,6.153284671532846
154.txt,Evil,3,1,10.407407407407407,1.1563786008230452,6.153284671532846
155.txt,Evil,1,8,9.703703703703704,1.0781893004115226,5.865671641791045
155.txt,Evil,2,49,9.703703703703704,1.0781893004115226,5.865671641791045
155.txt,Evil,3,1,9.703703703703704,1.0781893004115226,5.865671641791045
156.txt,Evil,1,0,14.716049382716049,1.635116598079561,6.850574712643678
156.txt,Evil,2,170,14.716049382716049,1.635116598079561,6.850574712643678
156.txt,Evil,3,2,14.716049382716049,1.635116598079561,6.850574712643678
157.txt,Evil,1,6,8.679012345679013,0.9643347050754458,6.060344827586207
157.txt,Evil,2,12,8.679012345679013,0.9643347050754458,6.060344827586207
157.txt,Evil,3,0,8.679012345679013,0.9643347050754458,6.060344827586207
158.txt,Evil,1,1,13.975308641975309,1.5528120713305897,6.658823529411765
158.txt,Evil,2,123,13.975308641975309,1.5528120713305897,6.658823529411765
158.txt,Evil,3,0,13.975308641975309,1.5528120713305897,6.658823529411765
159.txt,Evil,1,6,12.777777777777779,1.4197530864197532,6.46875
159.txt,Evil,2,53,12.777777777777779,1.4197530864197532,6.46875
159.txt,Evil,3,0,12.777777777777779,1.4197530864197532,6.46875
160.txt,Evil,1,1,11.74074074074074,1.3045267489711934,6.469387755102041
160.txt,Evil,2,87,11.74074074074074,1.3045267489711934,6.469387755102041
160.txt,Evil,3,1,11.74074074074074,1.3045267489711934,6.469387755102041
161.txt,Evil,1,2,16.049382716049383,1.7832647462277091,7.065217391304348
161.txt,Evil,2,104,16.049382716049383,1.7832647462277091,7.065217391304348
161.txt,Evil,3,0,16.049382716049383,1.7832647462277091,7.065217391304348
162.txt,Evil,1,3,11.91358024691358,1.3237311385459534,6.942446043165468
162.txt,Evil,2,15,11.91358024691358,1.3237311385459534,6.942446043165468
162.txt,Evil,3,5,11.91358024691358,1.3237311385459534,6.942446043165468
163.txt,Evil,1,5,11.395061728395062,1.2661179698216736,6.737226277372263
163.txt,Evil,2,44,11.395061728395062,1.2661179698216736,6.737226277372263
163.txt,Evil,3,3,11.395061728395062,1.2661179698216736,6.737226277372263
164.txt,Evil,1,3,6.938271604938271,0.7709190672153635,5.509803921568627
164.txt,Evil,2,0,6.938271604938271,0.7709190672153635,5.509803921568627
164.txt,Evil,3,0,6.938271604938271,0.7709190672153635,5.509803921568627
165.txt,Evil,1,8,14.814814814814815,1.646090534979424,6.857142857142857
165.txt,Evil,2,176,14.814814814814815,1.646090534979424,6.857142857142857
165.txt,Evil,3,7,14.814814814814815,1.646090534979424,6.857142857142857
166.txt,Evil,1,1,9.567901234567902,1.0631001371742113,6.300813008130081
166.txt,Evil,2,26,9.567901234567902,1.0631001371742113,6.300813008130081
166.txt,Evil,3,5,9.567901234567902,1.0631001371742113,6.300813008130081
167.txt,Evil,1,2,14.790123456790123,1.643347050754458,6.845714285714286
167.txt,Evil,2,116,14.790123456790123,1.643347050754458,6.845714285714286
167.txt,Evil,3,2,14.790123456790123,1.643347050754458,6.845714285714286
168.txt,Evil,1,8,13.308641975308642,1.4787379972565158,6.779874213836478
168.txt,Evil,2,75,13.308641975308642,1.4787379972565158,6.779874213836478
168.txt,Evil,3,0,13.308641975308642,1.4787379972565158,6.779874213836478
169.txt,Evil,1,4,8.679012345679013,0.9643347050754458,6.060344827586207
169.txt,Evil,2,15,8.679012345679013,0.9643347050754458,6.060344827586207
169.txt,Evil,3,1,8.679012345679013,0.9643347050754458,6.060344827586207
170.txt,Evil,1,1,10.876543209876543,1.2085048010973938,6.118055555555555
170.txt,Evil,2,26,10.876543209876543,1.2085048010973938,6.118055555555555
170.txt,Evil,3,2,10.876543209876543,1.2085048010973938,6.118055555555555
171.txt,Evil,1,0,9.592592592592593,1.0658436213991769,6.023255813953488
171.txt,Evil,2,35,9.592592592592593,1.0658436213991769,6.023255813953488
171.txt,Evil,3,1,9.592592592592593,1.0658436213991769,6.023255813953488
172.txt,Evil,1,2,7.691358024691358,0.8545953360768176,5.877358490566038
172.txt,Evil,2,0,7.691358024691358,0.8545953360768176,5.877358490566038
172.txt,Evil,3,0,7.691358024691358,0.8545953360768176,5.877358490566038
173.txt,Evil,1,6,11.604938271604938,1.289437585733882,6.394557823129252
173.txt,Evil,2,44,11.604938271604938,1.289437585733882,6.394557823129252
173.txt,Evil,3,1,11.604938271604938,1.289437585733882,6.394557823129252
174.txt,Evil,1,1,17.530864197530864,1.9478737997256517,7.395833333333333
174.txt,Evil,2,258,17.530864197530864,1.9478737997256517,7.395833333333333
174.txt,Evil,3,6,17.530864197530864,1.9478737997256517,7.395833333333333
175.txt,Evil,1,5,14.814814814814815,1.646090534979424,6.857142857142857
175.txt,Evil,2,93,14.814814814814815,1.646090534979424,6.857142857142857
175.txt,Evil,3,1,14.814814814814815,1.646090534979424,6.857142857142857
176.txt,Evil,1,0,9.333333333333334,1.037037037037037,5.90625
176.txt,Evil,2,8,9.333333333333334,1.037037037037037,5.90625
176.txt,Evil,3,2,9.333333333333334,1.037037037037037,5.90625
177.txt,Evil,1,0,14.691358024691358,1.6323731138545954,6.878612716763006
177.txt,Evil,2,162,14.691358024691358,1.6323731138545954,6.878612716763006
177.txt,Evil,3,5,14.691358024691358,1.6323731138545954,6.878612716763006
178.txt,Evil,1,1,9.333333333333334,1.037037037037037,5.90625
178.txt,Evil,2,29,9.333333333333334,1.037037037037037,5.90625
178.txt,Evil,3,0,9.333333333333334,1.037037037037037,5.90625
179.txt,Evil,1,4,11.037037037037036,1.2263374485596708,6.0
179.txt,Evil,2,48,11.037037037037036,1.2263374485596708,6.0
179.txt,Evil,3,11,11.037037037037036,1.2263374485596708,6.0
180.txt,Evil,1,4,11.185185185185185,1.242798353909465,6.248275862068965
180.txt,Evil,2,62,11.185185185185185,1.242798353909465,6.248275862068965
180.txt,Evil,3,0,11.185185185185185,1.242798353909465,6.248275862068965
181.txt,Evil,1,3,9.11111111111111,1.0123456790123457,6.0
181.txt,Evil,2,36,9.11111111111111,1.0123456790123457,6.0
181.txt,Evil,3,2,9.11111111111111,1.0123456790123457,6.0
182.txt,Evil,1,6,11.395061728395062,1.2661179698216736,6.737226277372263
182.txt,Evil,2,35,11.395061728395062,1.2661179698216736,6.737226277372263
182.txt,Evil,3,0,11.395061728395062,1.2661179698216736,6.737226277372263
183.txt,Evil,1,0,9.481481481481481,1.0534979423868314,6.144
183.txt,Evil,2,44,9.481481481481481,1.0534979423868314,6.144
183.txt,Evil,3,0,9.481481481481481,1.0534979423868314,6.144
184.txt,Evil,1,0,12.777777777777779,1.4197530864197532,6.46875
184.txt,Evil,2,53,12.777777777777779,1.4197530864197532,6.46875
184.txt,Evil,3,2,12.777777777777779,1.4197530864197532,6.46875
185.txt,Evil,1,5,12.518518518518519,1.3909465020576133,6.627450980392157
185.txt,Evil,2,21,12.518518518518519,1.3909465020576133,6.627450980392157
185.txt,Evil,3,3,12.518518518518519,1.3909465020576133,6.627450980392157
186.txt,Evil,1,3,10.024691358024691,1.1138545953360768,6.059701492537314
186.txt,Evil,2,32,10.024691358024691,1.1138545953360768,6.059701492537314
186.txt,Evil,3,1,10.024691358024691,1.1138545953360768,6.059701492537314
187.txt,Evil,1,0,8.790123456790123,0.9766803840877915,5.696
187.txt,Evil,2,26,8.790123456790123,0.9766803840877915,5.696
187.txt,Evil,3,1,8.790123456790123,0.9766803840877915,5.696
188.txt,Evil,1,9,13.975308641975309,1.5528120713305897,6.658823529411765
188.txt,Evil,2,111,13.975308641975309,1.5528120713305897,6.658823529411765
188.txt,Evil,3,0,13.975308641975309,1.5528120713305897,6.658823529411765
189.txt,Evil,1,5,8.753086419753087,0.9725651577503429,5.764227642276423
189.txt,Evil,2,34,8.753086419753087,0.9725651577503429,5.764227642276423
189.txt,Evil,3,4,8.753086419753087,0.9725651577503429,5.764227642276423
190.txt,Evil,1,20,15.123456790123457,1.6803840877914953,6.9602272727272725
190.txt,Evil,2,335,15.123456790123457,1.6803840877914953,6.9602272727272725
190.txt,Evil,3,0,15.123456790123457,1.6803840877914953,6.9602272727272725
191.txt,Evil,1,0,8.691358024691358,0.9657064471879286,5.632
191.txt,Evil,2,42,8.691358024691358,0.9657064471879286,5.632
191.txt,Evil,3,0,8.691358024691358,0.9657064471879286,5.632
192.txt,Evil,1,4,10.234567901234568,1.1371742112482852,6.186567164179104
192.txt,Evil,2,58,10.234567901234568,1.1371742112482852,6.186567164179104
192.txt,Evil,3,1,10.234567901234568,1.1371742112482852,6.186567164179104
193.txt,Evil,1,16,16.14814814814815,1.794238683127572,7.226519337016574
193.txt,Evil,2,385,16.14814814814815,1.794238683127572,7.226519337016574
193.txt,Evil,3,24,16.14814814814815,1.794238683127572,7.226519337016574
194.txt,Evil,1,2,9.234567901234568,1.0260631001371743,5.889763779527559
194.txt,Evil,2,18,9.234567901234568,1.0260631001371743,5.889763779527559
194.txt,Evil,3,6,9.234567901234568,1.0260631001371743,5.889763779527559
195.txt,Evil,1,3,10.765432098765432,1.196159122085048,6.184397163120567
195.txt,Evil,2,23,10.765432098765432,1.196159122085048,6.184397163120567
195.txt,Evil,3,1,10.765432098765432,1.196159122085048,6.184397163120567
196.txt,Evil,1,3,8.975308641975309,0.9972565157750343,5.959016393442623
196.txt,Evil,2,15,8.975308641975309,0.9972565157750343,5.959016393442623
196.txt,Evil,3,1,8.975308641975309,0.9972565157750343,5.959016393442623
197.txt,Evil,1,0,9.11111111111111,1.0123456790123457,6.0
197.txt,Evil,2,29,9.11111111111111,1.0123456790123457,6.0
197.txt,Evil,3,1,9.11111111111111,1.0123456790123457,6.0
198.txt,Evil,1,0,16.320987654320987,1.813443072702332,7.263736263736264
198.txt,Evil,2,96,16.320987654320987,1.813443072702332,7.263736263736264
198.txt,Evil,3,1,16.320987654320987,1.813443072702332,7.263736263736264
199.txt,Evil,1,2,12.11111111111111,1.345679012345679,6.54
199.txt,Evil,2,57,12.11111111111111,1.345679012345679,6.54
199.txt,Evil,3,2,12.11111111111111,1.345679012345679,6.54
200.txt,Evil,1,1,6.345679012345679,0.7050754458161865,5.298969072164948
200.txt,Evil,2,8,6.345679012345679,0.7050754458161865,5.298969072164948
200.txt,Evil,3,2,6.345679012345679,0.7050754458161865,5.298969072164948
